-1.949212551116943359e+00
2.632242679595947266e+00
2.614416360855102539e+00
4.701668620109558105e-01
1.724673986434936523e+00
1.748053550720214844e+00
2.495141983032226562e+00
1.587430000305175781e+00
-1.425293684005737305e+00
3.864588975906372070e+00
-5.925347805023193359e-01
-3.896163940429687500e+00
2.040308952331542969e+00
3.346661090850830078e+00
4.034601211547851562e+00
1.074327826499938965e+00
6.204328536987304688e+00
2.582809209823608398e+00
-1.044100522994995117e+00
-1.873912096023559570e+00
-1.458236694335937500e+00
-1.157147884368896484e+00
2.851192474365234375e+00
1.126744151115417480e+00
-2.447769165039062500e+00
-1.305324554443359375e+00
4.221149444580078125e+00
2.150328874588012695e+00
3.039098739624023438e+00
2.734776020050048828e+00
7.237966060638427734e+00
-1.668143510818481445e+00
1.793145537376403809e+00
1.326888918876647949e+00
-7.983027696609497070e-01
1.818362951278686523e+00
3.258066177368164062e+00
-1.882125139236450195e-01
-1.673927068710327148e+00
1.591019392013549805e+00
2.409629583358764648e+00
1.213480949401855469e+00
2.858043909072875977e-01
9.885469079017639160e-01
-1.245378255844116211e+00
1.475042700767517090e+00
5.129192829132080078e+00
-6.992435455322265625e-02
3.462539315223693848e-01
4.684432148933410645e-01
3.081904172897338867e+00
-2.902391672134399414e+00
-9.550287723541259766e-01
6.809102296829223633e-01
-2.542640209197998047e+00
2.993834018707275391e-02
1.978135824203491211e+00
2.877305746078491211e+00
1.251203298568725586e+00
1.547215700149536133e+00
-6.481528282165527344e-02
1.151026844978332520e+00
-1.373918056488037109e+00
3.085530042648315430e+00
-1.432433128356933594e+00
2.824901103973388672e+00
4.611566066741943359e-01
1.478606462478637695e+00
1.838810086250305176e+00
1.502142071723937988e+00
4.206890106201171875e+00
3.417315006256103516e+00
-5.129832029342651367e-01
1.753573417663574219e+00
4.386237859725952148e-01
-2.013483285903930664e+00
-8.496484756469726562e-01
1.763885736465454102e+00
1.386233091354370117e+00
3.914744615554809570e+00
-2.757859230041503906e-02
-1.842266798019409180e+00
3.450766086578369141e+00
1.302946209907531738e-01
8.642193078994750977e-01
2.849460601806640625e+00
4.619556665420532227e-01
3.329870939254760742e+00
2.683614253997802734e+00
5.325400352478027344e+00
2.915775537490844727e+00
2.995054244995117188e+00
2.762592077255249023e+00
1.387874960899353027e+00
1.030224323272705078e+00
-2.285876274108886719e-01
3.388198018074035645e-01
1.469078660011291504e+00
9.683954715728759766e-02
-2.219393968582153320e+00
1.505520105361938477e+00
3.805047988891601562e+00
5.949143171310424805e-01
8.218660354614257812e-01
1.021897792816162109e-02
3.436536312103271484e+00
-4.712814331054687500e+00
4.509615898132324219e+00
-1.008031368255615234e-01
-9.636858701705932617e-01
4.382742047309875488e-01
1.789812088012695312e+00
-7.310174703598022461e-01
3.723264694213867188e+00
-2.024127006530761719e+00
1.377300858497619629e+00
2.443085193634033203e+00
3.279283046722412109e+00
5.139867305755615234e+00
2.528182268142700195e+00
1.603010416030883789e+00
5.346543788909912109e-01
2.814229726791381836e+00
-1.345475912094116211e-01
-1.334292888641357422e+00
5.707861423492431641e+00
-1.967971324920654297e-01
-1.991583585739135742e+00
6.923081278800964355e-01
2.442100048065185547e+00
5.994737148284912109e-01
2.265569448471069336e+00
-3.254438400268554688e+00
2.845719337463378906e+00
8.491516709327697754e-01
9.564830064773559570e-01
9.390504360198974609e-01
-1.254032373428344727e+00
-3.041529655456542969e-02
-2.158434867858886719e+00
8.943029046058654785e-01
7.232040166854858398e-02
3.740074396133422852e+00
-4.893668889999389648e-01
1.452059984207153320e+00
2.123315811157226562e+00
8.642647862434387207e-01
-1.946162939071655273e+00
1.556152105331420898e-02
2.968795299530029297e+00
4.702758789062500000e-01
3.395574808120727539e+00
9.439314007759094238e-01
-5.260579586029052734e-01
2.217836380004882812e+00
8.229989409446716309e-01
1.341830015182495117e+00
-3.135162830352783203e+00
-4.728642702102661133e-01
3.028805255889892578e-01
8.977651596069335938e-01
7.995866537094116211e-01
-8.288291692733764648e-01
-2.989986658096313477e+00
-1.876902580261230469e-01
-3.778528690338134766e+00
-2.341146469116210938e-01
-9.161379337310791016e-01
5.297789573669433594e-01
1.848555922508239746e+00
9.648680686950683594e-01
-2.560708761215209961e+00
-3.953479766845703125e+00
-5.399144887924194336e-01
-7.770485877990722656e-01
6.754961013793945312e-01
2.012425899505615234e+00
-9.102286100387573242e-01
4.251884460449218750e+00
-5.717903375625610352e-01
4.231264114379882812e+00
1.860253095626831055e+00
2.130934000015258789e-01
-2.632125616073608398e-01
2.148708581924438477e+00
3.188434600830078125e+00
-3.730987310409545898e-01
3.052390336990356445e+00
5.478265285491943359e+00
1.361291527748107910e+00
4.392963647842407227e-01
-7.623021602630615234e-01
1.369702219963073730e+00
3.645030498504638672e+00
6.575463414192199707e-01
6.580044269561767578e+00
3.254850864410400391e+00
3.338423252105712891e+00
2.706547975540161133e+00
-9.084860086441040039e-01
3.611481666564941406e+00
-1.119380950927734375e+00
3.638267993927001953e+00
-7.218456268310546875e-01
2.357914447784423828e+00
-2.795181989669799805e+00
-1.303116559982299805e+00
-1.722564697265625000e-01
3.322574138641357422e+00
-7.722799777984619141e-01
-5.197815895080566406e-01
2.794375181198120117e+00
-2.088475942611694336e+00
1.641459107398986816e+00
2.730625152587890625e+00
2.097025156021118164e+00
2.426012516021728516e+00
-7.803136110305786133e-01
2.197302818298339844e+00
-3.560781478881835938e-02
-1.265177011489868164e+00
1.996024370193481445e+00
3.194372177124023438e+00
-2.320018768310546875e+00
1.896288514137268066e+00
1.304985523223876953e+00
3.738160610198974609e+00
1.567471504211425781e+00
2.297772884368896484e+00
1.544570446014404297e+00
-2.967971563339233398e+00
1.870259284973144531e+00
3.723190069198608398e+00
8.330170512199401855e-01
1.207875490188598633e+00
4.104372024536132812e+00
2.578101634979248047e+00
3.422361850738525391e+00
-1.873293399810791016e+00
3.374918699264526367e-01
1.399719238281250000e+00
-2.398779630661010742e+00
3.744027137756347656e+00
2.163980245590209961e+00
1.867784738540649414e+00
-1.766929388046264648e+00
1.704209446907043457e-01
1.022427797317504883e+00
8.108283877372741699e-01
-1.559110641479492188e+00
2.495128154754638672e+00
6.299018383026123047e+00
1.794756889343261719e+00
-3.984569072723388672e+00
-9.539619684219360352e-01
4.475275039672851562e+00
2.192415714263916016e+00
-1.191133737564086914e+00
-1.092703580856323242e+00
-2.614749193191528320e+00
5.467729568481445312e-01
2.890259981155395508e+00
2.308731079101562500e+00
4.744513034820556641e-01
-9.304678440093994141e-02
2.191711068153381348e-01
3.685201168060302734e+00
-6.394423246383666992e-01
-1.006802797317504883e+00
-2.137300252914428711e+00
3.758745789527893066e-01
1.495922803878784180e+00
3.192423105239868164e+00
4.250387549400329590e-01
3.284348487854003906e+00
5.519579410552978516e+00
3.521772027015686035e-01
1.683691263198852539e+00
2.605437278747558594e+00
2.557311058044433594e+00
1.169637084007263184e+00
1.161218881607055664e-01
-3.025274276733398438e+00
1.314579129219055176e+00
-2.636175155639648438e-01
6.301814913749694824e-01
1.867540836334228516e+00
4.156376361846923828e+00
7.189757823944091797e-01
1.051643371582031250e+00
-1.920555830001831055e-01
-1.199532747268676758e+00
8.871759176254272461e-01
2.741180181503295898e+00
-2.710718631744384766e+00
4.100760936737060547e+00
2.982573986053466797e+00
-1.625949859619140625e+00
-1.634728908538818359e-02
2.929589271545410156e+00
1.534858942031860352e-01
5.828662872314453125e+00
-4.530418395996093750e+00
2.857852697372436523e+00
3.001491546630859375e+00
4.298879146575927734e+00
-1.468101978302001953e+00
-1.337575912475585938e+00
1.436868548393249512e+00
1.225504159927368164e+00
-3.259843587875366211e-01
1.241967558860778809e+00
1.164155960083007812e+00
-1.258072376251220703e+00
-1.557585954666137695e+00
3.416879773139953613e-01
-5.385144948959350586e-01
1.913191437721252441e+00
3.028768301010131836e+00
2.621332168579101562e+00
3.688172698020935059e-01
-1.198966026306152344e+00
1.933039188385009766e+00
1.959469437599182129e+00
-7.792739868164062500e-01
2.757918834686279297e+00
-1.881296157836914062e+00
-1.181578636169433594e+00
-3.997582435607910156e+00
-1.779397964477539062e+00
3.485569953918457031e+00
-9.845567941665649414e-01
2.296906948089599609e+00
1.728531360626220703e+00
3.650686144828796387e-01
1.339429616928100586e+00
1.184673309326171875e+00
1.919448614120483398e+00
5.266766548156738281e+00
2.190132141113281250e+00
1.762008905410766602e+00
5.463200569152832031e+00
-9.519435167312622070e-01
-3.217306137084960938e+00
-1.647670030593872070e+00
1.066930532455444336e+00
-3.854165077209472656e-01
-1.789987802505493164e+00
-3.199362754821777344e-02
2.870762586593627930e+00
-6.169168949127197266e-01
1.781143307685852051e+00
1.729473471641540527e+00
-1.434534072875976562e+00
1.638276696205139160e+00
-7.107156515121459961e-01
-3.736031055450439453e-01
9.841126799583435059e-01
-7.268390655517578125e-01
-2.961442470550537109e-01
2.052166461944580078e+00
-3.434339046478271484e+00
-3.496730327606201172e+00
2.217425346374511719e+00
-1.513244867324829102e+00
6.634562015533447266e-01
6.425273418426513672e+00
4.381372928619384766e+00
4.751280784606933594e+00
9.804327487945556641e-01
1.950807332992553711e+00
3.080035448074340820e+00
1.816314458847045898e+00
1.545078992843627930e+00
1.711604833602905273e+00
4.746470451354980469e+00
9.133791923522949219e-01
1.875425577163696289e-01
-4.065608978271484375e-02
-6.483043432235717773e-01
1.702032089233398438e+00
5.120169639587402344e+00
-6.702833175659179688e-01
7.748941183090209961e-01
1.425779581069946289e+00
2.541911363601684570e+00
3.473577022552490234e+00
3.757823228836059570e+00
-9.195806980133056641e-01
3.862784862518310547e+00
2.691730499267578125e+00
1.188059091567993164e+00
-1.916476249694824219e+00
2.739985466003417969e+00
3.486523151397705078e+00
3.996710300445556641e+00
-1.283977031707763672e-01
2.011801719665527344e+00
1.724844336509704590e+00
1.851375579833984375e+00
3.454950094223022461e+00
3.371306657791137695e+00
2.498275279998779297e+00
1.735863447189331055e+00
9.771957397460937500e-01
-3.181403875350952148e-01
-7.506645917892456055e-01
3.821294903755187988e-01
2.104510307312011719e+00
6.798871517181396484e+00
1.943012237548828125e+00
1.010876059532165527e+00
9.065185189247131348e-01
3.292253613471984863e-01
4.562377333641052246e-01
-4.592740535736083984e+00
-4.874883890151977539e-01
-5.541689395904541016e-01
-2.833439826965332031e+00
3.147647380828857422e-01
3.429492473602294922e+00
2.666905879974365234e+00
-6.499056816101074219e-01
2.674540519714355469e+00
2.917754650115966797e-02
-3.284862518310546875e+00
1.972479224205017090e-01
-4.758816957473754883e-01
1.980755090713500977e+00
1.180860519409179688e+00
3.334766387939453125e+00
1.905833125114440918e+00
-1.978672742843627930e+00
2.170306682586669922e+00
-1.302748918533325195e-01
1.643042802810668945e+00
3.418402671813964844e-01
-2.919483900070190430e+00
4.077700614929199219e+00
8.012002706527709961e-02
1.042186856269836426e+00
-6.709269285202026367e-01
4.738394260406494141e+00
4.537245273590087891e+00
2.301548123359680176e-01
8.925232887268066406e-01
1.124924659729003906e+00
-6.523466110229492188e-02
3.546629548072814941e-01
-5.052661895751953125e-02
2.052047967910766602e+00
1.049980282783508301e+00
2.401036500930786133e+00
2.426348209381103516e+00
7.205938100814819336e-01
-3.848066806793212891e+00
1.613202095031738281e+00
2.742623329162597656e+00
-8.690537214279174805e-01
2.510453939437866211e+00
1.417747974395751953e+00
-6.351330280303955078e-01
2.504000186920166016e+00
6.132724285125732422e-01
5.565099239349365234e+00
-6.764911413192749023e-01
-5.781456232070922852e-01
2.618167638778686523e+00
1.477178454399108887e+00
5.221862792968750000e+00
4.806392669677734375e+00
-3.429020643234252930e-01
3.058788299560546875e+00
-1.397962570190429688e-01
3.173397541046142578e+00
3.217900276184082031e+00
-4.303053617477416992e-01
4.255642890930175781e+00
1.078124880790710449e+00
-1.567328453063964844e+00
4.158139228820800781e-03
5.444966316223144531e+00
-8.222341537475585938e-02
5.266988277435302734e+00
-1.200388193130493164e+00
1.638176202774047852e+00
-6.677339076995849609e-01
3.879690766334533691e-01
2.659978866577148438e+00
5.315666198730468750e-01
4.634140968322753906e+00
3.363409519195556641e+00
2.303044557571411133e+00
2.004692554473876953e+00
-8.157920837402343750e-01
2.517273426055908203e-01
-5.891275405883789062e-02
-2.158141136169433594e-02
1.870273351669311523e+00
2.619741439819335938e+00
3.760415077209472656e+00
2.969897270202636719e+00
-4.417234659194946289e-01
1.250155448913574219e+00
3.806709051132202148e-01
-8.388870954513549805e-01
2.049679279327392578e+00
1.360976576805114746e+00
6.633329391479492188e-02
3.009819984436035156e+00
4.447254180908203125e+00
2.922794818878173828e+00
6.169623374938964844e+00
2.042544364929199219e+00
4.400574684143066406e+00
5.360750198364257812e+00
-2.918306827545166016e+00
2.346065998077392578e+00
-3.350362777709960938e+00
4.529117107391357422e+00
9.261116385459899902e-01
2.555003166198730469e+00
6.011213779449462891e+00
3.319916248321533203e+00
2.291517734527587891e+00
3.312108516693115234e+00
1.345792531967163086e+00
2.831627845764160156e+00
-2.257833480834960938e-01
-1.396380901336669922e+00
1.750664710998535156e+00
-3.113162040710449219e+00
1.713383674621582031e+00
2.077202320098876953e+00
6.149995803833007812e+00
7.898257970809936523e-01
1.308555245399475098e+00
8.072302341461181641e-01
-1.788151741027832031e+00
2.220739841461181641e+00
1.173917293548583984e+00
6.923542499542236328e+00
2.151913404464721680e+00
3.655024528503417969e+00
-2.854127883911132812e+00
-6.782441139221191406e-01
5.349459648132324219e-01
2.265190124511718750e+00
2.407515525817871094e+00
2.098209381103515625e+00
1.026309728622436523e-01
-2.579245567321777344e-01
-6.043570041656494141e-01
4.383473992347717285e-01
5.283171653747558594e+00
-9.373490810394287109e-01
-3.054421901702880859e+00
7.177354097366333008e-01
1.146108388900756836e+00
-2.426285743713378906e-01
4.250819683074951172e-01
-8.306920528411865234e-02
2.672555446624755859e+00
-1.892785310745239258e+00
-5.222891569137573242e-01
-3.342674255371093750e+00
8.969194889068603516e-01
2.233367204666137695e+00
-1.974800825119018555e+00
2.962943553924560547e+00
2.271656036376953125e+00
5.136296749114990234e-01
1.001101970672607422e+00
2.610172271728515625e+00
6.093543767929077148e-01
1.762237310409545898e+00
2.040282726287841797e+00
5.749320387840270996e-01
-5.359313488006591797e-01
-2.293813228607177734e-02
6.278961896896362305e-01
-3.656227588653564453e-01
7.205991744995117188e-01
2.484960794448852539e+00
-2.046966075897216797e+00
-1.027933597564697266e+00
5.837125778198242188e-01
9.661664962768554688e-01
1.652563333511352539e+00
-2.289624691009521484e+00
2.321769952774047852e+00
3.486136198043823242e+00
2.745737075805664062e+00
-2.862673759460449219e+00
-4.469530582427978516e-01
3.802895545959472656e+00
2.258417367935180664e+00
2.368816375732421875e+00
7.118732929229736328e-01
5.315490722656250000e+00
5.106473922729492188e+00
-1.712383031845092773e-01
2.476030588150024414e+00
3.727355003356933594e-01
-1.032932996749877930e+00
1.106264829635620117e+00
7.893269062042236328e-01
1.988701105117797852e+00
6.005668163299560547e+00
4.795828819274902344e+00
2.624141931533813477e+00
9.784543514251708984e-02
4.551637172698974609e-01
1.904513597488403320e+00
-9.067356586456298828e-01
-8.202830553054809570e-01
3.410872220993041992e+00
4.571611285209655762e-01
7.167776584625244141e+00
7.561367750167846680e-01
-4.642089605331420898e-01
-3.122637271881103516e-01
2.675628662109375000e+00
-1.900028705596923828e+00
-4.095066785812377930e-01
3.416052579879760742e+00
2.901846408843994141e+00
2.898776769638061523e+00
-4.948102235794067383e-01
1.427079200744628906e+00
-1.756373643875122070e+00
2.105795860290527344e+00
-4.692790508270263672e-01
2.747029066085815430e-01
-1.220008134841918945e-01
-3.180931091308593750e+00
2.487349510192871094e+00
2.327650785446166992e-01
1.719851732254028320e+00
4.359332561492919922e+00
5.504363775253295898e-02
3.832885265350341797e+00
1.186119675636291504e+00
-5.938455104827880859e+00
-2.537804603576660156e+00
-5.399835109710693359e-02
2.500750541687011719e+00
-1.722132921218872070e+00
-4.224416732788085938e+00
4.747522354125976562e+00
1.025222539901733398e+00
2.243499755859375000e+00
-8.140883445739746094e-01
1.853803396224975586e+00
2.587859153747558594e+00
6.070383787155151367e-01
-1.167531013488769531e-01
2.885998249053955078e+00
-2.176564216613769531e+00
-5.638706684112548828e-02
1.602936506271362305e+00
4.851728439331054688e+00
5.207175016403198242e-01
-1.756453514099121094e-01
1.945646524429321289e+00
6.193799972534179688e+00
-2.577181816101074219e+00
3.009579181671142578e+00
2.302657127380371094e+00
5.313243389129638672e+00
-1.118262052536010742e+00
-7.000708580017089844e-02
6.980071067810058594e-01
-2.908564805984497070e-01
-5.841233730316162109e-01
4.847287178039550781e+00
-5.216956138610839844e-02
5.017170429229736328e+00
2.166580438613891602e+00
5.111372470855712891e+00
1.926261782646179199e-01
-2.086777448654174805e+00
5.017010688781738281e+00
-1.860207796096801758e+00
4.978985309600830078e+00
3.739326000213623047e+00
2.361796855926513672e+00
7.441724538803100586e-01
1.643681168556213379e+00
1.177127957344055176e+00
-5.882020473480224609e+00
1.641692399978637695e+00
-1.514703989028930664e+00
1.909741163253784180e+00
1.680615186691284180e+00
-3.429886817932128906e+00
2.405087471008300781e+00
8.896312117576599121e-01
1.547483444213867188e+00
1.648552894592285156e+00
-1.991181612014770508e+00
6.576368808746337891e+00
2.465432882308959961e+00
4.330663681030273438e-01
-3.041485309600830078e+00
-2.988340854644775391e-01
2.489746809005737305e+00
-8.234958648681640625e-01
3.979270935058593750e+00
2.276527404785156250e+00
3.384581327438354492e+00
3.057681560516357422e+00
2.953064441680908203e+00
-4.427067041397094727e-01
4.602473258972167969e+00
-5.584578514099121094e-01
1.980495214462280273e+00
-2.363178730010986328e-01
-8.509608507156372070e-01
3.589667081832885742e+00
-1.070492982864379883e+00
3.314652204513549805e+00
3.668317794799804688e+00
4.610359191894531250e+00
3.617513179779052734e-02
-2.321762084960937500e+00
-2.142523050308227539e+00
1.725523710250854492e+00
6.200874805450439453e+00
-2.624454975128173828e+00
1.859886646270751953e+00
-2.380125522613525391e+00
-2.088712215423583984e+00
2.747175216674804688e+00
3.389103889465332031e+00
2.037248134613037109e+00
6.247603893280029297e+00
2.431994915008544922e+00
-2.749172925949096680e+00
-8.788322210311889648e-01
1.413088440895080566e-01
5.658330917358398438e-01
1.444749593734741211e+00
3.461222410202026367e+00
3.651490926742553711e+00
-1.106530666351318359e+00
-2.888601303100585938e+00
2.675326108932495117e+00
1.598759889602661133e+00
-1.126036643981933594e+00
-7.129406929016113281e-02
1.240980863571166992e+00
3.952402114868164062e+00
2.892268657684326172e+00
1.150419116020202637e-01
3.760870695114135742e-01
4.996447563171386719e+00
-2.065252065658569336e+00
-4.680235385894775391e+00
-1.009579896926879883e-01
7.502786517143249512e-01
9.310365915298461914e-01
-1.529511928558349609e+00
6.934446096420288086e-01
2.477222919464111328e+00
-1.429093599319458008e+00
3.649432897567749023e+00
1.695838451385498047e+00
4.866896271705627441e-01
1.021457195281982422e+00
-5.152946710586547852e-01
4.833480834960937500e+00
-5.035018920898437500e-01
3.783243656158447266e+00
2.371212482452392578e+00
4.740829467773437500e-01
2.195240974426269531e+00
2.478571653366088867e+00
-4.471679925918579102e-01
1.125291705131530762e+00
3.820984363555908203e-01
5.702497005462646484e+00
-1.888655900955200195e+00
1.014358758926391602e+00
1.364363789558410645e+00
2.480334043502807617e-02
2.803042888641357422e+00
4.290293216705322266e+00
5.044895172119140625e+00
3.367412567138671875e+00
2.358462333679199219e+00
7.796744108200073242e-01
-1.460294008255004883e+00
7.628604173660278320e-01
1.795520305633544922e+00
2.605655670166015625e+00
-1.077565908432006836e+00
9.052461385726928711e-01
6.929937601089477539e-01
1.698545455932617188e+00
-3.818702697753906250e-02
-3.501197099685668945e-01
-1.495776891708374023e+00
-9.726412296295166016e-01
1.117547035217285156e+00
1.238233089447021484e+00
3.873826503753662109e+00
-9.223502874374389648e-01
3.544066190719604492e+00
1.741778373718261719e+00
-4.891269207000732422e-01
1.296240091323852539e-01
1.294074773788452148e+00
-1.079026222229003906e+00
4.744784832000732422e-01
2.124041318893432617e+00
-4.165140390396118164e-01
1.605660557746887207e+00
1.201493620872497559e+00
-7.134602069854736328e-01
-8.924002647399902344e-01
1.638624668121337891e+00
4.182940006256103516e+00
1.283833742141723633e+00
2.061973571777343750e+00
-4.697418212890625000e-02
5.833873748779296875e-01
6.523925065994262695e-02
1.075887918472290039e+00
-4.815876483917236328e-01
-6.122962474822998047e+00
1.040682435035705566e+00
-2.827493190765380859e+00
-1.347315788269042969e+00
1.715090036392211914e+00
1.869144916534423828e+00
3.942260503768920898e+00
2.067293167114257812e+00
3.069802045822143555e+00
-3.395365715026855469e+00
-8.748749494552612305e-01
4.769266247749328613e-01
1.931282877922058105e+00
-1.451611757278442383e+00
1.374509334564208984e+00
-8.631535768508911133e-01
1.383859276771545410e+00
-4.551397323608398438e+00
-3.248796463012695312e+00
2.818682670593261719e+00
2.520862579345703125e+00
-7.828512191772460938e-01
-1.219715595245361328e+00
1.552554368972778320e+00
3.418527126312255859e+00
1.587307453155517578e+00
-1.930411815643310547e+00
1.574760079383850098e+00
7.294340133666992188e-01
1.042190551757812500e+00
3.372223138809204102e+00
1.581505417823791504e+00
-2.162398099899291992e-01
2.968245506286621094e+00
5.299850702285766602e-01
-7.326948642730712891e-02
3.360096216201782227e-01
2.511010169982910156e+00
-4.333794116973876953e-01
3.676416397094726562e+00
1.272866249084472656e+00
4.208662986755371094e+00
5.029219627380371094e+00
3.853072643280029297e+00
1.350040435791015625e+00
1.874193906784057617e+00
2.976732730865478516e+00
2.057619094848632812e+00
-9.421100616455078125e-01
-1.195896387100219727e+00
7.135896682739257812e-01
1.847230553627014160e+00
-6.531854867935180664e-01
-2.905172586441040039e+00
3.136904716491699219e+00
-2.740723848342895508e+00
-4.988479137420654297e+00
3.145761489868164062e+00
-3.775931596755981445e-01
4.314884185791015625e+00
4.773767471313476562e+00
-1.115822792053222656e-02
-1.372884511947631836e-01
5.315585136413574219e+00
-1.456957817077636719e+00
-1.233344078063964844e+00
4.494863510131835938e+00
-2.587085962295532227e-01
2.454920291900634766e+00
-2.279200315475463867e+00
2.043716430664062500e+00
3.211113810539245605e-01
3.771584272384643555e+00
2.161483287811279297e+00
-4.484032154083251953e+00
-1.371999979019165039e-01
5.111929416656494141e+00
2.805850028991699219e+00
2.082488059997558594e+00
1.650474071502685547e+00
1.631938219070434570e+00
8.241133093833923340e-01
-7.887139320373535156e-01
5.034245252609252930e-01
5.956720113754272461e-01
1.959042310714721680e+00
3.811757087707519531e+00
7.863862514495849609e-01
4.101023197174072266e+00
5.692692756652832031e+00
6.304365396499633789e-01
-5.371341705322265625e-01
2.124266147613525391e+00
-6.104451417922973633e-01
2.475456953048706055e+00
2.215192794799804688e+00
-1.300433874130249023e-01
2.692598819732666016e+00
1.316223263740539551e+00
2.970125675201416016e+00
-9.567799568176269531e-01
1.125420093536376953e+00
1.957496285438537598e+00
1.350419998168945312e+00
-2.923583984375000000e+00
-4.911156654357910156e+00
4.053273200988769531e+00
1.804504394531250000e+00
2.904830455780029297e+00
1.250965476036071777e+00
4.836928844451904297e+00
3.768709421157836914e+00
-6.780385971069335938e-03
-1.248745918273925781e+00
2.333545207977294922e+00
1.623675346374511719e+00
3.593222618103027344e+00
1.617491960525512695e+00
3.978373408317565918e-01
5.507615089416503906e+00
3.648618459701538086e+00
1.981219053268432617e+00
2.035402297973632812e+00
-1.390427589416503906e+00
1.526134014129638672e+00
-1.085662841796875000e-02
1.731368780136108398e+00
7.111585140228271484e-01
3.527639865875244141e+00
1.437299013137817383e+00
4.596483707427978516e-01
5.123770833015441895e-01
2.125390529632568359e+00
1.274987697601318359e+00
-3.143633842468261719e+00
3.878876209259033203e+00
3.239315748214721680e+00
5.624495029449462891e+00
6.850130558013916016e-01
1.554336190223693848e+00
-5.349413156509399414e-01
1.878659725189208984e+00
-1.864850282669067383e+00
-2.755868434906005859e-02
2.589549541473388672e+00
3.207663297653198242e+00
5.148744583129882812e+00
-8.090077638626098633e-01
1.092938661575317383e+00
-2.026926755905151367e+00
1.939219355583190918e+00
4.009069800376892090e-01
7.687442302703857422e-01
2.348757266998291016e+00
2.486395359039306641e+00
8.075971603393554688e-01
9.947950839996337891e-01
-1.343215227127075195e+00
-3.034832000732421875e+00
3.812674522399902344e+00
4.063946723937988281e+00
-4.964451789855957031e-01
3.634223461151123047e+00
-7.403445243835449219e-01
-9.825611114501953125e-01
1.239443659782409668e+00
3.851030826568603516e+00
1.932170391082763672e+00
5.550857186317443848e-01
1.851217746734619141e+00
