-4.959180831909179688e+01
-2.792211151123046875e+01
-5.358487701416015625e+01
-3.631102752685546875e+01
-4.322798156738281250e+01
-2.712930488586425781e+01
-1.756750869750976562e+01
-1.891439819335937500e+01
-2.108371353149414062e+01
-1.403175354003906250e+01
-2.296722793579101562e+01
-1.299462223052978516e+01
-3.498794555664062500e+01
-1.119140434265136719e+01
-4.462518692016601562e+01
-1.200316619873046875e+01
-7.042473793029785156e+00
-3.944983291625976562e+01
-1.204907608032226562e+01
-5.038014984130859375e+01
-3.065358352661132812e+01
-1.448179435729980469e+01
-1.887604904174804688e+01
-4.762448883056640625e+01
-2.007531356811523438e+01
-2.552333450317382812e+01
-3.097578048706054688e+01
-2.784120941162109375e+01
-1.657310867309570312e+01
-3.739876174926757812e+01
-3.065697288513183594e+01
-1.929889678955078125e+01
-2.131921768188476562e+01
-1.895221328735351562e+01
-1.036670112609863281e+01
-3.457661437988281250e+01
-3.381621170043945312e+01
-2.288856887817382812e+01
-2.152159118652343750e+01
-3.082439422607421875e+01
-4.338362503051757812e+01
-4.882312774658203125e+01
-5.153036499023437500e+01
-3.739478302001953125e+01
-9.336349487304687500e+01
-5.522053527832031250e+01
-1.508531951904296875e+01
-1.415366172790527344e+01
-4.323411560058593750e+01
-1.661046981811523438e+01
-3.482540512084960938e+01
-3.794586563110351562e+01
-4.132682037353515625e+01
-4.324108505249023438e+01
-1.916667175292968750e+01
-3.444890213012695312e+01
-4.841766738891601562e+01
-3.591669082641601562e+01
-1.536751365661621094e+01
-6.758576965332031250e+01
-4.152845764160156250e+01
-4.370936584472656250e+01
-4.155181884765625000e+01
-1.634994125366210938e+01
-3.938599014282226562e+01
-2.382712936401367188e+01
-3.001551246643066406e+01
-2.392115402221679688e+01
-3.043851852416992188e+01
-6.793416595458984375e+01
-6.179056167602539062e+01
-2.074808120727539062e+01
-3.037407875061035156e+01
-2.555963134765625000e+01
-2.110633468627929688e+01
-2.081255340576171875e+01
-1.092774486541748047e+01
-8.236181640625000000e+01
-2.031520652770996094e+01
-3.685348892211914062e+01
-2.955826187133789062e+01
-2.586689376831054688e+01
-6.901063537597656250e+01
-1.335309982299804688e+01
-1.699032211303710938e+01
-4.804709625244140625e+01
-2.841199874877929688e+01
-3.066506195068359375e+01
-2.347308158874511719e+01
-5.208661651611328125e+01
-1.851200103759765625e+01
-2.462755966186523438e+01
-1.124252319335937500e+01
-2.785878753662109375e+01
-1.996152877807617188e+01
-3.194838333129882812e+01
-4.483521270751953125e+01
-1.968700027465820312e+01
-5.916879272460937500e+01
-8.358718872070312500e+01
-4.907137298583984375e+01
-3.113304519653320312e+01
-5.686116027832031250e+01
-3.919828414916992188e+01
-1.109903144836425781e+01
-2.526260185241699219e+01
-2.345341300964355469e+01
-2.606941986083984375e+01
-2.288808250427246094e+01
-1.773371887207031250e+01
-3.320854949951171875e+01
-4.768560028076171875e+01
-3.142018508911132812e+01
-2.050147628784179688e+01
-1.431538009643554688e+01
-2.698169326782226562e+01
-3.856077575683593750e+01
-3.499742507934570312e+01
-4.067687225341796875e+01
-1.779277992248535156e+01
-1.468995285034179688e+01
-3.839185333251953125e+01
-2.093482971191406250e+01
-3.679248809814453125e+01
-2.773425483703613281e+01
-7.724214553833007812e+00
-5.748497009277343750e+00
-1.468130302429199219e+01
-4.965175628662109375e+01
-3.659156036376953125e+01
-5.001348114013671875e+01
-1.911531829833984375e+01
-2.560870742797851562e+01
-2.523766326904296875e+01
-6.140306091308593750e+01
-4.816392517089843750e+01
-8.322038650512695312e+00
-6.828153991699218750e+01
-4.499200057983398438e+01
-1.747428512573242188e+01
-5.284921646118164062e+01
-5.114521789550781250e+01
-6.418286132812500000e+01
-1.784776115417480469e+01
-2.327714157104492188e+01
-3.809086990356445312e+01
-6.499972534179687500e+01
-2.793428802490234375e+01
-7.445624828338623047e+00
-1.464062023162841797e+01
-5.725921630859375000e+01
-1.564324378967285156e+01
-2.060364532470703125e+01
-3.447428512573242188e+01
-3.301091384887695312e+01
-2.974671936035156250e+01
-8.837287902832031250e+00
-2.497378921508789062e+01
-2.402488327026367188e+01
-1.949802017211914062e+01
-8.545518493652343750e+01
-3.015406417846679688e+01
-4.727738189697265625e+01
-3.968168640136718750e+01
-1.856119155883789062e+01
-4.257373046875000000e+01
-1.729165458679199219e+01
-8.712015151977539062e+00
-4.438449478149414062e+01
-2.781008911132812500e+01
-4.031166839599609375e+01
-5.101888656616210938e+01
-2.885806465148925781e+01
-2.637513732910156250e+01
-5.634729385375976562e+01
-5.574507141113281250e+01
-2.085699272155761719e+01
-2.444263267517089844e+01
-1.013791370391845703e+01
-5.300611877441406250e+01
-2.923649597167968750e+01
-2.701577377319335938e+01
-6.753570556640625000e+01
-4.167416381835937500e+01
-3.011968994140625000e+01
-5.870201492309570312e+01
-4.376813888549804688e+01
-1.170595741271972656e+01
-6.412231445312500000e+01
-1.674137115478515625e+01
-1.025481319427490234e+01
-2.513131713867187500e+01
-1.351435279846191406e+01
-1.650437355041503906e+01
-4.137034606933593750e+01
-3.291939163208007812e+01
-3.901107788085937500e+01
-1.645428466796875000e+01
-5.730953598022460938e+01
-2.948904991149902344e+01
-4.168650054931640625e+01
-7.423527526855468750e+01
-1.183125305175781250e+01
-2.820933151245117188e+01
-3.525765228271484375e+01
-3.306528472900390625e+01
-3.355608367919921875e+01
-1.798052978515625000e+01
-1.999186706542968750e+01
-5.024259948730468750e+01
-1.655303001403808594e+01
-1.754899215698242188e+01
-1.837365913391113281e+01
-1.223867034912109375e+01
-8.141496658325195312e+00
-3.675290679931640625e+01
-2.827353668212890625e+01
-4.622544860839843750e+01
-9.147903442382812500e+00
-4.985338592529296875e+01
-2.180074691772460938e+01
-2.867034149169921875e+01
-1.526016712188720703e+01
-8.593480110168457031e+00
-3.462463378906250000e+01
-8.821825981140136719e+00
-5.629672622680664062e+01
-6.056377410888671875e+01
-2.533869934082031250e+01
-2.205197334289550781e+01
-1.553355216979980469e+01
-2.739416122436523438e+01
-2.288982391357421875e+01
-4.862784957885742188e+01
-3.701753997802734375e+01
-3.047446632385253906e+01
-6.094764328002929688e+01
-1.441503810882568359e+01
-3.091067123413085938e+01
-5.363725280761718750e+01
-6.271828842163085938e+01
-3.015261077880859375e+01
-3.162642288208007812e+01
-3.243611907958984375e+01
-3.220530700683593750e+01
-3.762693023681640625e+01
-2.339251708984375000e+01
-3.896919631958007812e+01
-1.542592620849609375e+01
-3.536119842529296875e+01
-4.186239624023437500e+01
-4.889825439453125000e+01
-2.006357955932617188e+01
-2.660186767578125000e+01
-4.772332000732421875e+01
-2.585776519775390625e+01
-2.451883697509765625e+01
-1.816751861572265625e+01
-2.748701477050781250e+01
-3.230858993530273438e+01
-3.013087844848632812e+01
-1.351636600494384766e+01
-4.001158523559570312e+01
-3.495443344116210938e+01
-1.604727745056152344e+01
-1.787788009643554688e+01
-3.483375549316406250e+01
-1.404689216613769531e+01
-4.483782577514648438e+01
-3.236235809326171875e+01
-1.181205272674560547e+01
-4.813238525390625000e+01
-4.713228225708007812e+01
-3.364455795288085938e+01
-3.821589660644531250e+01
-5.150357055664062500e+01
-5.326930236816406250e+01
-2.194874954223632812e+01
-5.332208633422851562e+00
-2.468259429931640625e+01
-2.973037338256835938e+01
-3.496631622314453125e+01
-4.737141799926757812e+01
-1.774769592285156250e+01
-2.009440231323242188e+01
-1.870773315429687500e+01
-3.323828887939453125e+01
-2.974735260009765625e+01
-1.794646644592285156e+01
-2.193963241577148438e+01
-3.662570953369140625e+01
-1.475408744812011719e+01
-5.728214263916015625e+01
-3.009290504455566406e+01
-1.483195304870605469e+01
-1.182221221923828125e+01
-4.537370300292968750e+01
-4.240056228637695312e+01
-4.072830200195312500e+01
-1.725521850585937500e+01
-2.316435241699218750e+01
-5.020178985595703125e+01
-3.776570892333984375e+01
-7.538929462432861328e+00
-4.602722167968750000e+01
-1.816147613525390625e+01
-3.625454711914062500e+01
-2.551614379882812500e+01
-3.863909912109375000e+01
-3.324060440063476562e+01
-3.771599578857421875e+01
-2.538974380493164062e+01
-1.972381591796875000e+01
-8.658280944824218750e+01
-2.998355102539062500e+01
-2.813790893554687500e+01
-3.217141723632812500e+01
-3.127243804931640625e+01
-2.378082847595214844e+01
-2.828740310668945312e+01
-5.330413055419921875e+01
-3.412300109863281250e+01
-2.141786193847656250e+01
-2.830506134033203125e+01
-5.772524261474609375e+01
-2.251536178588867188e+01
-5.953250885009765625e+01
-1.273663902282714844e+01
-3.751499557495117188e+01
-4.841514587402343750e+01
-5.084178924560546875e+01
-3.845550298690795898e+00
-2.066433525085449219e+01
-2.289440917968750000e+01
-4.153662872314453125e+01
-6.558799743652343750e+01
-2.563301086425781250e+01
-2.547114944458007812e+01
-1.647854614257812500e+01
-5.122976684570312500e+01
-4.408209228515625000e+01
-6.324343109130859375e+01
-3.658781433105468750e+01
-1.803196334838867188e+01
-1.385267829895019531e+01
-2.193383789062500000e+01
-2.834847259521484375e+01
-3.509149551391601562e+01
-1.278032112121582031e+01
-9.030193328857421875e+00
-1.501811027526855469e+01
-2.856680488586425781e+01
-4.677442169189453125e+01
-1.653523254394531250e+01
-2.068894958496093750e+01
-4.809703063964843750e+01
-3.146770095825195312e+01
-5.179432678222656250e+01
-1.378481674194335938e+01
-2.729321098327636719e+01
-3.019281768798828125e+01
-4.478934860229492188e+01
-2.713982772827148438e+01
-4.124354934692382812e+01
-4.398169326782226562e+01
-3.905208587646484375e+01
-3.802923583984375000e+01
-1.063916301727294922e+01
-3.207403564453125000e+01
-3.749406051635742188e+01
-2.436439704895019531e+01
-2.601526641845703125e+01
-8.054847717285156250e+01
-7.028305053710937500e+01
-4.331484603881835938e+01
-3.049116134643554688e+01
-3.222528457641601562e+01
-2.550828170776367188e+01
-1.031263828277587891e+01
-7.618451118469238281e+00
-2.482976722717285156e+01
-2.451371765136718750e+01
-6.454546356201171875e+01
-4.430909729003906250e+01
-1.010322856903076172e+01
-5.123719024658203125e+01
-6.799414062500000000e+01
-1.230306434631347656e+01
-3.678336334228515625e+01
-4.584151458740234375e+01
-4.921363830566406250e+01
-3.331996917724609375e+01
-3.815859985351562500e+01
-3.658147430419921875e+01
-4.077208709716796875e+01
-2.438577270507812500e+01
-1.077205276489257812e+01
-3.811964416503906250e+01
-4.763881683349609375e+01
-3.509210205078125000e+01
-1.444554138183593750e+01
-2.821325111389160156e+01
-3.632962036132812500e+01
-4.708021163940429688e+01
-1.133389949798583984e+01
-4.433806228637695312e+01
-4.741802978515625000e+01
-2.080658340454101562e+01
-6.299657058715820312e+01
-1.915383911132812500e+01
-4.166956329345703125e+01
-3.671622848510742188e+01
-2.599832534790039062e+01
-4.992240142822265625e+01
-2.196097564697265625e+01
-1.919990539550781250e+01
-5.865462875366210938e+01
-5.718994140625000000e+01
-3.477675247192382812e+01
-3.180722045898437500e+01
-6.613529205322265625e+00
-4.231538009643554688e+01
-2.858676910400390625e+01
-2.248378753662109375e+01
-2.561172485351562500e+01
-2.374807739257812500e+01
-2.471802520751953125e+01
-2.072073745727539062e+01
-1.852382278442382812e+01
-1.348026847839355469e+01
-4.345738601684570312e+01
-2.175113677978515625e+01
-4.742469787597656250e+01
-1.641252326965332031e+01
-2.719870376586914062e+01
-2.928683471679687500e+01
-3.038456726074218750e+01
-5.205559539794921875e+01
-6.234851074218750000e+01
-6.113626861572265625e+01
-1.710709571838378906e+01
-5.028751754760742188e+01
-5.841567993164062500e+01
-1.939376640319824219e+01
-1.750959587097167969e+01
-4.234189224243164062e+01
-7.765267944335937500e+01
-2.652087783813476562e+01
-5.507679748535156250e+01
-1.829040527343750000e+01
-4.466696929931640625e+01
-1.826398658752441406e+01
-3.839501953125000000e+01
-1.957574462890625000e+01
-3.912640380859375000e+01
-4.278781890869140625e+01
-6.709998321533203125e+01
-6.060356140136718750e+01
-8.878856658935546875e+00
-1.639926147460937500e+01
-5.748328399658203125e+01
-1.239451789855957031e+01
-5.672396087646484375e+01
-4.851508331298828125e+01
-6.920996856689453125e+01
-2.602643585205078125e+01
-2.944990921020507812e+01
-1.874020576477050781e+01
-1.798562049865722656e+01
-2.262836074829101562e+01
-3.339710998535156250e+01
-1.148024559020996094e+01
-4.310419082641601562e+01
-1.968378829956054688e+01
-6.689416503906250000e+01
-2.280865478515625000e+01
-3.742456817626953125e+01
-3.187274551391601562e+01
-1.684343719482421875e+01
-4.243373870849609375e+01
-4.289282226562500000e+01
-8.498238563537597656e+00
-2.739731216430664062e+01
-7.489715576171875000e+00
-3.672410583496093750e+01
-2.672336387634277344e+01
-1.984387969970703125e+01
-8.222850799560546875e+01
-3.621093750000000000e+01
-4.565579986572265625e+01
-1.410586738586425781e+01
-4.836338806152343750e+01
-3.260039901733398438e+01
-2.259819793701171875e+01
-6.470231628417968750e+01
-4.127358245849609375e+01
-3.850777435302734375e+01
-2.043951797485351562e+01
-4.909503555297851562e+01
-5.276077270507812500e+01
-3.352715301513671875e+01
-6.935296630859375000e+01
-3.355150604248046875e+01
-1.101087951660156250e+02
-2.583603286743164062e+01
-4.708105468750000000e+01
-3.547079467773437500e+01
-5.236164855957031250e+01
-1.364039039611816406e+01
-2.131966018676757812e+01
-3.568534469604492188e+01
-8.042841911315917969e+00
-1.472638416290283203e+01
-4.466281890869140625e+01
-4.644167709350585938e+01
-2.527108001708984375e+01
-5.663063049316406250e+01
-2.054815292358398438e+01
-4.524114227294921875e+01
-4.965235900878906250e+01
-4.446053314208984375e+01
-1.719253540039062500e+01
-2.729805183410644531e+01
-5.754122161865234375e+01
-2.500413513183593750e+01
-3.885361480712890625e+01
-3.769115447998046875e+01
-4.342922973632812500e+01
-3.910052871704101562e+01
-2.475927734375000000e+01
-1.993058586120605469e+01
-5.995090484619140625e+01
-2.727251815795898438e+01
-1.359206199645996094e+01
-2.457909393310546875e+01
-2.347312545776367188e+01
-3.126652145385742188e+01
-4.612638092041015625e+01
-1.540585517883300781e+01
-5.211831665039062500e+01
-2.449367904663085938e+01
-2.874734497070312500e+01
-5.019451141357421875e+01
-3.042792510986328125e+01
-6.274438095092773438e+01
-1.570971012115478516e+01
-2.347229957580566406e+01
-1.072063446044921875e+01
-1.303587341308593750e+01
-6.255838012695312500e+01
-4.333636474609375000e+01
-3.038838577270507812e+01
-2.741652297973632812e+01
-7.093421936035156250e+01
-5.367335891723632812e+01
-3.896472454071044922e+00
-3.921654891967773438e+01
-2.028847885131835938e+01
-2.408480453491210938e+01
-2.134324645996093750e+01
-1.198612213134765625e+01
-1.453234100341796875e+01
-2.615444564819335938e+01
-1.984555435180664062e+01
-5.873097229003906250e+01
-1.573887062072753906e+01
-4.499926757812500000e+01
-3.314085388183593750e+01
-3.393832397460937500e+01
-2.489458084106445312e+01
-1.876149749755859375e+01
-1.634980392456054688e+01
-4.866718673706054688e+01
-3.111717414855957031e+01
-1.126321315765380859e+01
-2.984048843383789062e+01
-3.047837448120117188e+01
-2.538826370239257812e+01
-2.498621368408203125e+01
-4.840823364257812500e+01
-3.147818565368652344e+01
-2.533822441101074219e+01
-3.025421333312988281e+01
-2.655933761596679688e+01
-4.246568679809570312e+01
-3.997068786621093750e+01
-4.760742950439453125e+01
-4.109631347656250000e+01
-3.821342849731445312e+01
-5.369855499267578125e+01
-2.577067756652832031e+01
-2.888202285766601562e+01
-1.559039688110351562e+01
-2.803449630737304688e+01
-6.124308395385742188e+01
-1.477334785461425781e+01
-1.606760406494140625e+01
-1.757947158813476562e+01
-3.054075241088867188e+01
-3.156482505798339844e+01
-3.199487686157226562e+01
-2.751023292541503906e+01
-3.279093551635742188e+01
-2.625928497314453125e+01
-5.327516937255859375e+01
-2.588269424438476562e+01
-2.775113296508789062e+01
-2.345695495605468750e+01
-3.148054313659667969e+01
-1.613272666931152344e+01
-5.949115753173828125e+01
-1.655915832519531250e+01
-3.347364425659179688e+01
-4.541804504394531250e+01
-3.338455581665039062e+01
-5.545827865600585938e+00
-3.978202819824218750e+01
-8.818262100219726562e+00
-2.169665145874023438e+01
-1.724044990539550781e+01
-2.643986320495605469e+01
-4.787739944458007812e+01
-3.127259826660156250e+01
-5.465734100341796875e+01
-2.791754531860351562e+01
-6.435829162597656250e+01
-5.801603698730468750e+01
-1.515058231353759766e+01
-7.813710021972656250e+01
-1.578861236572265625e+01
-2.774990272521972656e+01
-2.061040687561035156e+01
-4.499775695800781250e+01
-3.971372985839843750e+01
-5.109809875488281250e+01
-2.466809082031250000e+01
-2.615042114257812500e+01
-4.489173126220703125e+01
-3.435162353515625000e+01
-5.635976409912109375e+01
-1.487629699707031250e+01
-1.981592941284179688e+01
-1.372736358642578125e+01
-1.402511978149414062e+01
-5.694070816040039062e+01
-2.631228256225585938e+01
-1.421440505981445312e+01
-2.479200744628906250e+01
-3.946364974975585938e+01
-1.908766937255859375e+01
-3.420618438720703125e+01
-4.368276214599609375e+01
-3.596864318847656250e+01
-4.091582489013671875e+01
-4.237580108642578125e+01
-1.782921600341796875e+01
-3.435696411132812500e+01
-3.706878662109375000e+01
-2.615649032592773438e+01
-6.742887878417968750e+01
-1.182611083984375000e+01
-2.627374267578125000e+01
-3.455322265625000000e+01
-5.978165435791015625e+01
-6.895787239074707031e+00
-7.157916259765625000e+01
-1.926999282836914062e+01
-3.032255935668945312e+01
-3.037905311584472656e+01
-1.860942649841308594e+01
-4.187802124023437500e+01
-2.354539108276367188e+01
-6.737720489501953125e+01
-1.775407791137695312e+01
-2.222475051879882812e+01
-2.407787322998046875e+01
-2.598288345336914062e+01
-2.709987640380859375e+01
-2.799966335296630859e+00
-3.454858779907226562e+01
-7.954377746582031250e+01
-5.994105815887451172e+00
-1.815742492675781250e+01
-3.076963996887207031e+01
-7.725366973876953125e+01
-2.543313217163085938e+01
-2.237491989135742188e+01
-3.503204727172851562e+01
-7.942947864532470703e+00
-1.164592361450195312e+01
-2.419333648681640625e+01
-3.810807800292968750e+01
-2.284015846252441406e+01
-4.740029907226562500e+01
-4.714913177490234375e+01
-1.681692123413085938e+01
-2.130964279174804688e+01
-3.102536010742187500e+01
-4.900405883789062500e+01
-1.228132820129394531e+01
-1.990893936157226562e+01
-1.598561668395996094e+01
-2.582872581481933594e+01
-8.254205322265625000e+01
-3.466137695312500000e+01
-4.828750610351562500e+01
-4.633377838134765625e+01
-1.205315685272216797e+01
-4.108073806762695312e+01
-6.040487289428710938e+01
-3.573135375976562500e+01
-3.514221954345703125e+01
-3.909580993652343750e+01
-2.626152610778808594e+01
-4.301854705810546875e+01
-2.138071060180664062e+01
-1.520675659179687500e+01
-2.178048133850097656e+01
-7.254549407958984375e+01
-4.675965118408203125e+01
-4.822962188720703125e+01
-1.383990383148193359e+01
-2.455973243713378906e+01
-1.966299819946289062e+01
-3.511665344238281250e+01
-2.411707687377929688e+01
-3.180366897583007812e+01
-3.549615478515625000e+01
-1.156996726989746094e+01
-2.569023323059082031e+01
-4.600610351562500000e+01
-3.423759841918945312e+01
-6.881882476806640625e+01
-2.511858749389648438e+01
-1.615326309204101562e+01
-1.870466041564941406e+01
-3.818695068359375000e+01
-1.284804725646972656e+01
-4.696497344970703125e+01
-1.531412029266357422e+01
-2.186690330505371094e+01
-3.253781509399414062e+01
-2.569590377807617188e+01
-2.416001129150390625e+01
-2.645890808105468750e+01
-2.773336791992187500e+01
-3.172756576538085938e+01
-6.594862461090087891e+00
-5.181267166137695312e+01
-4.370703887939453125e+01
-1.575626182556152344e+01
-3.998262405395507812e+01
-2.312110900878906250e+01
-1.546610641479492188e+01
-1.509771347045898438e+01
-3.337179565429687500e+01
-4.911954116821289062e+01
-1.548917961120605469e+01
-2.794557952880859375e+01
-1.300300216674804688e+01
-2.402292633056640625e+01
-3.527444076538085938e+01
-4.019347381591796875e+01
-4.099145126342773438e+01
-2.867700576782226562e+01
-3.142038726806640625e+01
-2.005537796020507812e+01
-3.265393829345703125e+01
-6.428540039062500000e+01
-2.046937179565429688e+01
-4.040204620361328125e+01
-3.449772644042968750e+01
-1.952444076538085938e+01
-1.826010704040527344e+01
-2.725017929077148438e+01
-3.149044990539550781e+01
-4.313246917724609375e+01
-9.524363708496093750e+01
-2.339351272583007812e+01
-3.272335433959960938e+01
-4.128671646118164062e+01
-8.182320594787597656e+00
-6.460656738281250000e+01
-3.338378143310546875e+01
-1.336038589477539062e+01
-3.479103851318359375e+01
-1.408067893981933594e+01
-5.707077026367187500e+01
-4.342458724975585938e+01
-5.950970840454101562e+01
-1.374608039855957031e+01
-4.574539947509765625e+01
-5.700700759887695312e+01
-9.273645401000976562e+00
-2.414475250244140625e+01
-1.492280387878417969e+01
-3.682205200195312500e+01
-2.821597862243652344e+01
-2.750856018066406250e+01
-3.326204681396484375e+01
-9.388627052307128906e+00
-3.039618492126464844e+00
-3.422199249267578125e+01
-4.439782714843750000e+01
-3.062475967407226562e+01
-4.209465026855468750e+00
-5.821967697143554688e+01
-9.033939361572265625e+00
-4.789931488037109375e+01
-2.433882141113281250e+01
-2.888470077514648438e+01
-3.933958053588867188e+01
-1.399509620666503906e+01
-1.739028167724609375e+01
-3.095060348510742188e+01
-8.374690055847167969e+00
-2.501482963562011719e+01
-7.573995113372802734e+00
-1.220428276062011719e+01
-3.507004547119140625e+01
-1.204036712646484375e+01
-6.867559814453125000e+01
-1.087983131408691406e+01
-8.546788787841796875e+01
-8.710399627685546875e+00
-1.404063987731933594e+01
-8.699037551879882812e+00
-2.634305381774902344e+01
-3.652453613281250000e+01
-1.988652801513671875e+01
-2.570775222778320312e+01
-7.671087646484375000e+01
-1.892973327636718750e+01
-4.165074920654296875e+01
-2.542691802978515625e+01
-2.959446716308593750e+01
-4.026730346679687500e+01
-6.993101501464843750e+01
-5.627936553955078125e+01
-1.930802536010742188e+01
-3.850198364257812500e+01
-4.326786994934082031e+00
-2.188040161132812500e+01
-2.705622673034667969e+01
-4.626097488403320312e+01
-1.853034782409667969e+01
-2.111953353881835938e+01
-2.254332351684570312e+01
-1.868372917175292969e+01
-2.088677597045898438e+01
-3.479152297973632812e+01
-4.077457809448242188e+01
-2.711862373352050781e+01
-1.631916427612304688e+01
-3.090076255798339844e+01
-3.723851013183593750e+01
-6.442204284667968750e+01
-4.093695831298828125e+01
-4.651071929931640625e+01
-1.595173835754394531e+01
-2.691792297363281250e+01
-6.442572784423828125e+01
-1.224462890625000000e+01
-2.757381057739257812e+01
-3.983673095703125000e+01
-5.030560302734375000e+01
-7.368615722656250000e+01
-9.278162384033203125e+01
-4.975004577636718750e+01
-1.081281471252441406e+01
-3.977193069458007812e+01
-2.575374412536621094e+01
-1.158427047729492188e+01
-3.203451538085937500e+01
-1.753712081909179688e+01
-2.600432968139648438e+01
-2.237441253662109375e+01
-7.181972980499267578e+00
-6.031409072875976562e+01
-2.586251068115234375e+01
-2.799936676025390625e+01
-2.107588958740234375e+01
-2.761664199829101562e+01
-3.359745407104492188e+01
-6.767713165283203125e+01
-2.160105514526367188e+01
-5.013482666015625000e+01
-1.854598808288574219e+01
-2.088789367675781250e+01
-2.946890258789062500e+01
-2.328602218627929688e+01
-1.658861923217773438e+01
-5.608052062988281250e+01
-1.934930801391601562e+01
-2.134292984008789062e+01
-4.692359161376953125e+01
-2.772936820983886719e+01
-2.386031341552734375e+01
-1.131731414794921875e+01
-3.993398284912109375e+01
-1.132160377502441406e+01
-2.729007148742675781e+01
-6.551413726806640625e+01
-1.152399444580078125e+01
-3.705908584594726562e+01
-2.205224609375000000e+01
-2.303058433532714844e+01
-7.299208068847656250e+01
-4.580813598632812500e+01
-8.481887817382812500e+00
-9.577114105224609375e+00
-6.904028320312500000e+01
-2.862448501586914062e+01
-4.356907653808593750e+01
-4.688169097900390625e+01
-2.235211944580078125e+01
-4.498710632324218750e+01
-3.069768905639648438e+01
-1.410065937042236328e+01
-1.534270286560058594e+01
-6.464203643798828125e+01
-3.636336898803710938e+01
-1.957338333129882812e+01
-3.645137023925781250e+01
-2.361594009399414062e+01
-4.340608978271484375e+01
-1.670249366760253906e+01
-3.715043640136718750e+01
-6.923733234405517578e+00
-2.380739974975585938e+01
-3.922062683105468750e+01
-3.379567718505859375e+01
-5.068560028076171875e+01
-2.513565063476562500e+01
-3.306242370605468750e+01
-2.532149887084960938e+01
-1.059202384948730469e+01
-1.487745285034179688e+01
-9.421755790710449219e+00
-2.077898788452148438e+01
-9.324109649658203125e+01
-5.660290145874023438e+01
-5.816062927246093750e+01
-3.808964157104492188e+01
-5.539049148559570312e+01
-6.347170639038085938e+01
-2.151544761657714844e+01
-4.214063262939453125e+01
-3.470003128051757812e+01
-2.105883216857910156e+01
-3.348774719238281250e+01
-4.592086791992187500e+01
-4.837581634521484375e+01
-4.574996566772460938e+01
-2.153629493713378906e+01
-8.931064605712890625e+00
-1.999602890014648438e+01
-2.396740341186523438e+01
-7.168109130859375000e+01
-1.766429519653320312e+01
-7.932463645935058594e+00
-2.959664916992187500e+01
-3.763578033447265625e+01
-4.828076934814453125e+01
-2.094514274597167969e+01
-3.839847564697265625e+01
-2.903668212890625000e+01
-2.920652770996093750e+01
-2.991002845764160156e+01
-2.772478103637695312e+01
-1.655755043029785156e+01
-4.875637435913085938e+01
-4.350212860107421875e+01
-5.979380130767822266e+00
-1.115392303466796875e+01
-1.882749557495117188e+01
-2.422629356384277344e+01
-2.052108383178710938e+01
-5.239229202270507812e+01
-1.458134078979492188e+01
-2.809883308410644531e+01
-2.845696067810058594e+01
-2.123391723632812500e+01
-4.397562408447265625e+01
-5.865352630615234375e+01
-2.899003410339355469e+01
-5.063202667236328125e+01
-9.341208457946777344e+00
-8.127352905273437500e+01
-5.137986373901367188e+01
-5.854728698730468750e+01
-3.169654655456542969e+01
-1.130928611755371094e+01
-6.207582473754882812e+01
-5.251023864746093750e+01
-7.359601020812988281e+00
-3.949295806884765625e+01
-2.006759643554687500e+01
-2.757708549499511719e+01
-1.443280220031738281e+01
