-1.188733577728271484e+00
1.391401886940002441e+00
-1.592457771301269531e+00
2.957326173782348633e-01
-5.079922676086425781e-01
1.503818273544311523e+00
3.038959264755249023e+00
2.797654628753662109e+00
2.429137229919433594e+00
3.730151176452636719e+00
2.126429319381713867e+00
3.952781677246093750e+00
4.586168527603149414e-01
4.368322372436523438e+00
-6.617863178253173828e-01
4.176311492919921875e+00
5.538092136383056641e+00
-7.832264900207519531e-02
4.165706157684326172e+00
-1.269762277603149414e+00
1.017011880874633789e+00
3.636714696884155273e+00
2.804383277893066406e+00
-9.835084676742553711e-01
2.597578763961791992e+00
1.737262725830078125e+00
9.740775227546691895e-01
1.402791857719421387e+00
3.224190711975097656e+00
1.642051935195922852e-01
1.016558885574340820e+00
2.730620384216308594e+00
2.390467643737792969e+00
2.791026592254638672e+00
4.572997093200683594e+00
5.099327564239501953e-01
6.056746244430541992e-01
2.138782978057861328e+00
2.357432842254638672e+00
9.942200183868408203e-01
-5.252529382705688477e-01
-1.109068632125854492e+00
-1.386792659759521484e+00
1.646826863288879395e-01
-4.969036102294921875e+00
-1.753244400024414062e+00
3.514160871505737305e+00
3.704661369323730469e+00
-5.086729526519775391e-01
3.217113494873046875e+00
4.788554906845092773e-01
9.882867336273193359e-02
-2.944065332412719727e-01
-5.094463825225830078e-01
2.753584384918212891e+00
5.259327292442321777e-01
-1.066779851913452148e+00
3.439391255378723145e-01
3.457879543304443359e+00
-2.895591020584106445e+00
-3.173047304153442383e-01
-5.612738132476806641e-01
-3.199536800384521484e-01
3.266661882400512695e+00
-7.087695598602294922e-02
1.992911219596862793e+00
1.102772593498229980e+00
1.978477358818054199e+00
1.045807480812072754e+00
-2.926122188568115234e+00
-2.375157833099365234e+00
2.484676837921142578e+00
1.054457187652587891e+00
1.731897830963134766e+00
2.425411939620971680e+00
2.473968505859375000e+00
4.432637214660644531e+00
-4.125829219818115234e+00
2.557074308395385742e+00
2.298775911331176758e-01
1.164846897125244141e+00
1.686650514602661133e+00
-3.019949436187744141e+00
3.874619007110595703e+00
3.145693540573120117e+00
-1.027966499328613281e+00
1.322817564010620117e+00
1.015477538108825684e+00
2.047550201416015625e+00
-1.442896127700805664e+00
2.868663787841796875e+00
1.871043324470520020e+00
4.355968475341796875e+00
1.400315284729003906e+00
2.616888046264648438e+00
8.459347486495971680e-01
-6.846820116043090820e-01
2.663738250732421875e+00
-2.131346464157104492e+00
-4.222512245178222656e+00
-1.134868144989013672e+00
9.532098174095153809e-01
-1.912025690078735352e+00
-4.894828796386718750e-02
4.390740394592285156e+00
1.775927424430847168e+00
2.050598859786987305e+00
1.656990289688110352e+00
2.138859272003173828e+00
3.008607864379882812e+00
6.830279231071472168e-01
-9.899505376815795898e-01
9.152572154998779297e-01
2.525813579559326172e+00
3.671054840087890625e+00
1.524948954582214355e+00
2.595114707946777344e-02
4.574387073516845703e-01
-2.201888561248779297e-01
2.997863292694091797e+00
3.594099760055541992e+00
4.590934514999389648e-02
2.453711509704589844e+00
2.372571825981140137e-01
1.417877674102783203e+00
5.316231727600097656e+00
6.013044834136962891e+00
3.595863103866577148e+00
-1.194919824600219727e+00
2.616097927093505859e-01
-1.232159137725830078e+00
2.762527942657470703e+00
1.724650263786315918e+00
1.779637098312377930e+00
-2.339468240737915039e+00
-1.040220737457275391e+00
5.133692264556884766e+00
-2.956483364105224609e+00
-7.017360925674438477e-01
3.056057214736938477e+00
-1.519299983978271484e+00
-1.347759962081909180e+00
-2.592955350875854492e+00
2.987879753112792969e+00
2.077988862991333008e+00
8.158624172210693359e-02
-2.666350841522216797e+00
1.389688849449157715e+00
5.404971599578857422e+00
3.604166269302368164e+00
-1.950186252593994141e+00
3.403487682342529297e+00
2.508736848831176758e+00
5.227501392364501953e-01
7.083519101142883301e-01
1.139199495315551758e+00
4.983961582183837891e+00
1.819017291069030762e+00
1.962591290473937988e+00
2.696208953857421875e+00
-4.368500709533691406e+00
1.084065914154052734e+00
-9.468364715576171875e-01
-1.053079366683959961e-01
2.859935283660888672e+00
-4.350662231445312500e-01
3.089708089828491211e+00
5.019773006439208984e+00
-6.354767084121704102e-01
1.407178044319152832e+00
-1.782070398330688477e-01
-1.334923505783081055e+00
1.260933876037597656e+00
1.612458944320678711e+00
-1.862555027008056641e+00
-1.804275274276733398e+00
2.466598510742187500e+00
1.898999214172363281e+00
4.631695747375488281e+00
-1.534948825836181641e+00
1.208845257759094238e+00
1.520064830780029297e+00
-2.891196012496948242e+00
-3.338146209716796875e-01
1.088702559471130371e+00
-2.087350130081176758e+00
-5.677574872970581055e-01
4.245606422424316406e+00
-2.587496042251586914e+00
3.192393302917480469e+00
4.601593017578125000e+00
1.795480489730834961e+00
3.839886903762817383e+00
3.237234830856323242e+00
-2.993549108505249023e-01
7.201071977615356445e-01
-2.702212333679199219e-02
3.246761560440063477e+00
-1.954999685287475586e+00
1.174288868904113770e+00
-3.352109193801879883e-01
-3.464886188507080078e+00
4.216256618499755859e+00
1.351111292839050293e+00
4.251471161842346191e-01
7.013766765594482422e-01
6.386945843696594238e-01
2.963845252990722656e+00
2.611733436584472656e+00
-1.255672216415405273e+00
3.227997541427612305e+00
3.042351245880126953e+00
2.893283605575561523e+00
4.122181892395019531e+00
5.187758445739746094e+00
2.420485019683837891e-01
1.342135787010192871e+00
-8.348184823989868164e-01
4.896701812744140625e+00
-1.215694189071655273e+00
2.312153816223144531e+00
1.286912441253662109e+00
3.479214429855346680e+00
5.054000854492187500e+00
5.039249658584594727e-01
4.988361835479736328e+00
-1.857673168182373047e+00
-2.261760711669921875e+00
1.764619708061218262e+00
2.271686077117919922e+00
3.425056219100952148e+00
1.466062903404235840e+00
2.138585567474365234e+00
-1.088725090026855469e+00
2.100650668144226074e-01
1.040986657142639160e+00
-2.297371625900268555e+00
3.650460958480834961e+00
9.827339649200439453e-01
-1.597645521163940430e+00
-2.460133314132690430e+00
1.084261775016784668e+00
8.881152868270874023e-01
7.824756503105163574e-01
8.124411106109619141e-01
1.368777155876159668e-01
2.060048341751098633e+00
-2.210915088653564453e-02
3.446308374404907227e+00
4.123337268829345703e-01
-3.550965785980224609e-01
-1.116883754730224609e+00
2.599567413330078125e+00
1.579618573188781738e+00
-9.939239025115966797e-01
1.687990427017211914e+00
1.887465000152587891e+00
2.930171966552734375e+00
1.452874779701232910e+00
7.990175485610961914e-01
1.087193727493286133e+00
3.839454650878906250e+00
-1.435592174530029297e-01
4.627857804298400879e-01
3.324818372726440430e+00
2.982418537139892578e+00
4.778146743774414062e-01
3.726978063583374023e+00
-6.849662065505981445e-01
7.920385003089904785e-01
4.220741271972656250e+00
-1.036913871765136719e+00
-9.314639568328857422e-01
6.274485588073730469e-01
6.674790382385253906e-02
-1.384083032608032227e+00
-1.561141252517700195e+00
2.288281440734863281e+00
6.186481475830078125e+00
1.862746238708496094e+00
1.141420125961303711e+00
4.613072276115417480e-01
-9.567849636077880859e-01
3.006063222885131836e+00
2.594345569610595703e+00
2.834012508392333984e+00
6.792249679565429688e-01
1.139113664627075195e+00
2.970001697540283203e+00
2.289749622344970703e+00
2.574658989906311035e-01
3.581044197082519531e+00
-1.952379226684570312e+00
1.092317581176757812e+00
3.565239906311035156e+00
4.218367576599121094e+00
-7.431246042251586914e-01
-4.156643152236938477e-01
-2.260843515396118164e-01
3.096446752548217773e+00
2.095575809478759766e+00
-1.251488685607910156e+00
1.203005313873291016e-01
5.374970436096191406e+00
-8.135595321655273438e-01
2.931256771087646484e+00
3.026196956634521484e-01
1.738325953483581543e+00
1.671320199966430664e-02
6.789287924766540527e-01
1.262345910072326660e-01
1.757045745849609375e+00
2.657433271408081055e+00
-4.455831050872802734e+00
1.107094883918762207e+00
1.361109018325805664e+00
8.168507218360900879e-01
9.347618818283081055e-01
2.000030755996704102e+00
1.340198993682861328e+00
-1.564602136611938477e+00
5.669075250625610352e-01
2.374342918395996094e+00
1.337732791900634766e+00
-1.994685649871826172e+00
2.197725296020507812e+00
-2.165503740310668945e+00
4.009874343872070312e+00
1.502729058265686035e-01
-1.066517353057861328e+00
-1.316899776458740234e+00
6.957582473754882812e+00
2.498615503311157227e+00
2.137864589691162109e+00
-3.182319402694702148e-01
-2.718909740447998047e+00
1.721064567565917969e+00
1.744983434677124023e+00
3.242145061492919922e+00
-1.356342792510986328e+00
-6.023153066635131836e-01
-2.507942914962768555e+00
2.620651125907897949e-01
2.954562664031982422e+00
3.767843008041381836e+00
2.290682792663574219e+00
1.331674575805664062e+00
4.457499384880065918e-01
4.000156402587890625e+00
4.929518699645996094e+00
3.527659177780151367e+00
1.301280856132507324e+00
-8.934440612792968750e-01
3.231374502182006836e+00
2.494515419006347656e+00
-1.033205986022949219e+00
9.089956879615783691e-01
-1.413456439971923828e+00
3.782205581665039062e+00
1.480429410934448242e+00
1.078842401504516602e+00
-6.796866655349731445e-01
1.502314567565917969e+00
-2.849335670471191406e-01
-5.912779569625854492e-01
-3.182995319366455078e-02
8.891105651855468750e-02
4.504217624664306641e+00
8.295358419418334961e-01
1.527809500694274902e-01
1.910862207412719727e+00
1.664908647537231445e+00
-3.981382846832275391e+00
-3.129876613616943359e+00
-5.176297426223754883e-01
1.038748979568481445e+00
8.098428845405578613e-01
1.739488959312438965e+00
4.586788177490234375e+00
5.349626541137695312e+00
1.840609669685363770e+00
1.888239026069641113e+00
-2.625595569610595703e+00
-6.272205114364624023e-01
4.640672683715820312e+00
-1.357095241546630859e+00
-2.931370496749877930e+00
4.107497215270996094e+00
2.383613586425781250e-01
-7.935991287231445312e-01
-1.149622678756713867e+00
6.687875986099243164e-01
7.354491949081420898e-02
2.628343701362609863e-01
-2.311009168624877930e-01
1.907618761062622070e+00
4.471097469329833984e+00
7.816934585571289062e-02
-9.850188493728637695e-01
4.456750154495239258e-01
3.644175529479980469e+00
1.350563287734985352e+00
2.934662699699401855e-01
-9.259409904479980469e-01
4.333976745605468750e+00
-6.303931474685668945e-01
-9.617125988006591797e-01
2.474959373474121094e+00
-2.485494375228881836e+00
2.755817890167236328e+00
-3.332934379577636719e-01
2.464910745620727539e-01
1.667386889457702637e+00
-1.222795963287353516e+00
2.286313533782958984e+00
2.747804164886474609e+00
-2.082873344421386719e+00
-1.943554639816284180e+00
4.849231243133544922e-01
8.643996119499206543e-01
5.686637401580810547e+00
-4.061046838760375977e-01
1.298508048057556152e+00
2.202736854553222656e+00
1.724205255508422852e+00
2.005071163177490234e+00
1.857410669326782227e+00
2.489224433898925781e+00
2.866564750671386719e+00
3.847206592559814453e+00
-5.334222316741943359e-01
2.320176601409912109e+00
-9.624172449111938477e-01
3.254716634750366211e+00
1.493906140327453613e+00
1.201944351196289062e+00
1.053048491477966309e+00
-1.439775943756103516e+00
-2.426342964172363281e+00
-2.314826488494873047e+00
3.123928785324096680e+00
-1.260276079177856445e+00
-2.060270786285400391e+00
2.714200019836425781e+00
3.049574375152587891e+00
-4.090813398361206055e-01
-3.747174739837646484e+00
1.591331720352172852e+00
-1.739215612411499023e+00
2.908152818679809570e+00
-6.663459539413452148e-01
2.912878751754760742e+00
4.553443193435668945e-02
2.682832241058349609e+00
-4.053628444671630859e-02
-4.589947462081909180e-01
-2.852881193161010742e+00
-2.265456914901733398e+00
4.972158908843994141e+00
3.257246255874633789e+00
-1.971605062484741211e+00
4.086726188659667969e+00
-1.898840427398681641e+00
-1.076957225799560547e+00
-3.037239551544189453e+00
1.663274288177490234e+00
1.179633736610412598e+00
2.828284502029418945e+00
2.962925910949707031e+00
2.179820537567138672e+00
6.589429378509521484e-01
4.298995018005371094e+00
-4.942386150360107422e-01
2.664288520812988281e+00
-2.834738016128540039e+00
2.151357650756835938e+00
1.611096858978271484e-01
8.558230996131896973e-01
3.173197746276855469e+00
-4.193849563598632812e-01
-4.707077741622924805e-01
5.081750869750976562e+00
1.465615510940551758e+00
5.390758514404296875e+00
2.455372810363769531e-01
1.562083959579467773e+00
2.636920213699340820e+00
-4.115267276763916016e+00
3.079410791397094727e-01
-7.735942602157592773e-01
3.714638233184814453e+00
-1.061105012893676758e+00
7.612180709838867188e-01
2.184595108032226562e+00
-2.639684200286865234e+00
-2.883507013320922852e-01
3.220856189727783203e-02
2.536193847656250000e+00
-1.137324571609497070e+00
-1.510469436645507812e+00
6.423764228820800781e-01
-3.049627304077148438e+00
6.392772793769836426e-01
-6.159657001495361328e+00
1.691181421279907227e+00
-9.260308742523193359e-01
3.987937569618225098e-01
-1.470519065856933594e+00
3.812918424606323242e+00
2.390395164489746094e+00
3.723536133766174316e-01
5.217678546905517578e+00
3.586679458618164062e+00
-6.658929586410522461e-01
-8.579540252685546875e-01
1.774666547775268555e+00
-1.889860868453979492e+00
2.518005847930908203e+00
-7.287722826004028320e-01
-1.194981813430786133e+00
-6.437968015670776367e-01
3.108060121536254883e+00
1.479739904403686523e+00
-1.977136135101318359e+00
1.814477205276489258e+00
-8.535504341125488281e-03
1.292018890380859375e-01
-5.303052663803100586e-01
-3.750598430633544922e-02
1.851202845573425293e+00
2.622149944305419922e+00
-2.204660415649414062e+00
1.483377814292907715e+00
3.823240995407104492e+00
1.878359079360961914e+00
2.047543525695800781e+00
9.355444312095642090e-01
-8.242009878158569336e-01
3.450281381607055664e+00
-1.446084022521972656e+00
1.891270399093627930e+00
1.276245236396789551e+00
-1.250741720199584961e+00
1.047229051589965820e+00
-2.462514162063598633e+00
3.390462875366210938e+00
2.047671318054199219e+00
4.483880043029785156e+00
3.943718671798706055e+00
-2.445533514022827148e+00
-5.200159549713134766e-01
1.052535891532897949e+00
1.462884545326232910e+00
-3.185733795166015625e+00
-1.601220607757568359e+00
6.924913883209228516e+00
-5.108439922332763672e-02
2.561573505401611328e+00
1.953431606292724609e+00
2.386536121368408203e+00
4.180255413055419922e+00
3.626332759857177734e+00
1.644576311111450195e+00
2.636634349822998047e+00
-2.090085268020629883e+00
3.384758949279785156e+00
-7.025256156921386719e-01
6.916934251785278320e-01
5.902209281921386719e-01
1.830883741378784180e+00
2.824531793594360352e+00
3.266687870025634766e+00
-1.092826366424560547e+00
9.553133249282836914e-01
4.350978851318359375e+00
1.126471281051635742e+00
1.040462732315063477e+00
1.757265090942382812e+00
1.817158222198486328e+00
-1.065793991088867188e+00
9.076142907142639160e-01
1.764690160751342773e+00
1.070573806762695312e+00
1.585766792297363281e+00
-4.229663610458374023e-01
-1.388260126113891602e-01
-9.817095994949340820e-01
-2.681566476821899414e-01
6.704038381576538086e-02
-1.603715181350708008e+00
1.700786828994750977e+00
1.257625222206115723e+00
3.413867473602294922e+00
1.375609278678894043e+00
-2.324699401855468750e+00
3.577130079269409180e+00
3.320892333984375000e+00
3.036768913269042969e+00
1.032104849815368652e+00
8.962118625640869141e-01
8.398629426956176758e-01
1.449580550193786621e+00
7.366358041763305664e-01
1.629300355911254883e+00
-1.561724185943603516e+00
1.684331774711608887e+00
1.415494680404663086e+00
2.050049781799316406e+00
9.073035717010498047e-01
3.308333396911621094e+00
-2.161625862121582031e+00
3.226835012435913086e+00
6.491886377334594727e-01
-7.479206323623657227e-01
6.605446338653564453e-01
6.095918655395507812e+00
-1.169600486755371094e-01
4.989377021789550781e+00
2.328999280929565430e+00
3.099180698394775391e+00
1.603067874908447266e+00
-1.010139226913452148e+00
9.347408413887023926e-01
-1.698167562484741211e+00
1.392043828964233398e+00
-2.608759164810180664e+00
-2.022357702255249023e+00
3.501088619232177734e+00
-3.786664485931396484e+00
3.375043869018554688e+00
1.415668725967407227e+00
2.507607936859130859e+00
-7.023618221282958984e-01
-1.090307235717773438e-01
-1.342974901199340820e+00
1.864932060241699219e+00
1.645163178443908691e+00
-6.908328533172607422e-01
5.381410717964172363e-01
-1.863758087158203125e+00
3.556261777877807617e+00
2.641689300537109375e+00
3.794399261474609375e+00
3.731542110443115234e+00
-1.919662714004516602e+00
1.621591091156005859e+00
3.692010879516601562e+00
1.846281766891479492e+00
-7.993352413177490234e-02
2.767349243164062500e+00
5.564293861389160156e-01
-5.583368539810180664e-01
3.375717401504516602e-01
-2.475481033325195312e-01
-4.128862619400024414e-01
2.991245269775390625e+00
5.374708175659179688e-01
2.038847208023071289e-01
1.644277691841125488e+00
-2.881814718246459961e+00
4.217457294464111328e+00
1.627196192741394043e+00
5.128608942031860352e-01
-2.188838005065917969e+00
5.588037490844726562e+00
-3.240795612335205078e+00
2.735632419586181641e+00
1.061379790306091309e+00
1.053789258003234863e+00
2.851389408111572266e+00
-3.568611145019531250e-01
2.036353111267089844e+00
-2.877273321151733398e+00
3.004901885986328125e+00
2.244007110595703125e+00
1.954490900039672852e+00
1.669647574424743652e+00
1.508025884628295898e+00
7.963451385498046875e+00
5.134411454200744629e-01
-3.900624752044677734e+00
5.916172981262207031e+00
2.931984424591064453e+00
1.001518011093139648e+00
-3.714551925659179688e+00
1.750614047050476074e+00
2.220048904418945312e+00
4.531343579292297363e-01
5.248254776000976562e+00
4.259740829467773438e+00
1.936874508857727051e+00
7.954239845275878906e-02
2.146397829055786133e+00
-9.598383903503417969e-01
-9.332504272460937500e-01
3.178177833557128906e+00
2.392035484313964844e+00
9.674927592277526855e-01
-1.127880096435546875e+00
4.112448692321777344e+00
2.625833988189697266e+00
3.336746931076049805e+00
1.692254543304443359e+00
-4.140097141265869141e+00
4.993314146995544434e-01
-1.053165912628173828e+00
-8.464163541793823242e-01
4.164764881134033203e+00
-2.663801908493041992e-01
-2.246985673904418945e+00
3.666942119598388672e-01
4.394548535346984863e-01
-3.695309162139892578e-02
1.628974080085754395e+00
-4.847114086151123047e-01
2.380411148071289062e+00
3.489863872528076172e+00
2.315429449081420898e+00
-3.322813987731933594e+00
-8.918713331222534180e-01
-1.047103404998779297e+00
3.770543575286865234e+00
1.881283164024353027e+00
2.667852401733398438e+00
4.426272511482238770e-01
1.948504090309143066e+00
8.648650646209716797e-01
3.956639170646667480e-01
4.277691841125488281e+00
1.712628483772277832e+00
-8.112920522689819336e-01
5.524755716323852539e-01
-3.003286838531494141e+00
1.797379255294799805e+00
3.304379701614379883e+00
2.834554672241210938e+00
7.018089294433593750e-02
3.985130786895751953e+00
-9.137082099914550781e-01
3.468480110168457031e+00
2.301471948623657227e+00
7.693089842796325684e-01
1.711792826652526855e+00
1.941953420639038086e+00
1.600306987762451172e+00
1.418003201484680176e+00
8.748391270637512207e-01
5.693280220031738281e+00
-1.415305852890014648e+00
-5.610171556472778320e-01
3.381359815597534180e+00
-1.402078866958618164e-01
2.102331399917602539e+00
3.438363552093505859e+00
3.511675596237182617e+00
6.621725559234619141e-01
-1.139867067337036133e+00
3.433807134628295898e+00
1.388100981712341309e+00
3.950939416885375977e+00
1.962890863418579102e+00
4.230677485466003418e-01
-1.645773649215698242e-01
-2.561894655227661133e-01
1.285988569259643555e+00
9.152308106422424316e-01
2.600957393646240234e+00
7.543029785156250000e-01
-2.602195262908935547e+00
2.531190156936645508e+00
-1.886155605316162109e-01
5.198121070861816406e-01
2.691658496856689453e+00
2.913573265075683594e+00
1.486562728881835938e+00
9.059991240501403809e-01
-4.973822832107543945e-01
-5.107910156250000000e+00
2.059893608093261719e+00
7.453458309173583984e-01
-2.898454666137695312e-01
5.175456047058105469e+00
-2.631086826324462891e+00
6.606438159942626953e-01
3.873044013977050781e+00
4.831411242485046387e-01
3.719904899597167969e+00
-1.932137489318847656e+00
-5.297904014587402344e-01
-2.163365602493286133e+00
3.790423393249511719e+00
-7.832512855529785156e-01
-1.926023960113525391e+00
4.861972808837890625e+00
1.944281220436096191e+00
3.546863794326782227e+00
2.336796522140502930e-01
1.350181579589843750e+00
1.449818134307861328e+00
6.761876344680786133e-01
4.830503463745117188e+00
7.624106884002685547e+00
5.544393062591552734e-01
-6.369358301162719727e-01
1.020864725112915039e+00
6.737365245819091797e+00
-2.041693449020385742e+00
4.928469657897949219e+00
-1.012444019317626953e+00
1.914744377136230469e+00
1.257255434989929199e+00
-6.546032428741455078e-02
3.737842321395874023e+00
3.071509599685668945e+00
9.774235486984252930e-01
5.118087768554687500e+00
1.812877893447875977e+00
5.363769531250000000e+00
4.130043983459472656e+00
4.484135508537292480e-01
4.167716026306152344e+00
-2.990828275680541992e+00
4.444434165954589844e+00
-4.369487762451171875e+00
5.020236968994140625e+00
3.728288888931274414e+00
5.023503780364990234e+00
1.617118716239929199e+00
2.697498798370361328e-01
2.629650592803955078e+00
1.710047960281372070e+00
-3.670032024383544922e+00
2.794965744018554688e+00
-3.311638832092285156e-01
1.751534938812255859e+00
1.159912467002868652e+00
-1.730934381484985352e-01
-3.099566936492919922e+00
-1.855996608734130859e+00
2.729038238525390625e+00
3.289228677749633789e-02
6.672016143798828125e+00
2.299294233322143555e+00
1.514271974563598633e+00
-8.386241197586059570e-01
2.865406513214111328e+00
2.423239946365356445e+00
2.193289756774902344e+00
2.838250637054443359e+00
2.461664199829101562e+00
4.830806255340576172e-01
-2.313865423202514648e-01
1.505345106124877930e+00
3.272545576095581055e+00
9.840521216392517090e-01
1.834520697593688965e-01
-2.614496231079101562e+00
-2.499637603759765625e-01
-8.653284311294555664e-01
3.343312501907348633e+00
1.534097790718078613e+00
-2.614828109741210938e+00
4.120820999145507812e+00
1.440568804740905762e+00
-1.233063936233520508e-01
-1.262129068374633789e+00
-3.418902873992919922e+00
-4.925765991210937500e+00
-1.205052614212036133e+00
4.460992813110351562e+00
-1.157884597778320312e-01
1.703277826309204102e+00
4.274305820465087891e+00
8.346900939941406250e-01
3.044526576995849609e+00
1.666508436203002930e+00
2.220129489898681641e+00
5.491363048553466797e+00
-2.238534927368164062e+00
1.687293529510498047e+00
1.380542278289794922e+00
2.430426120758056641e+00
1.434504032135009766e+00
6.334340572357177734e-01
-2.903605699539184570e+00
2.344510078430175781e+00
-1.244619369506835938e+00
2.862631320953369141e+00
2.461479187011718750e+00
1.177038908004760742e+00
2.076605558395385742e+00
3.221251249313354492e+00
-1.836779117584228516e+00
2.721889019012451172e+00
2.386588096618652344e+00
-9.093110561370849609e-01
1.418567657470703125e+00
1.987813472747802734e+00
4.337959766387939453e+00
-1.345763206481933594e-01
4.336929321289062500e+00
1.480877161026000977e+00
-2.712324380874633789e+00
4.288594245910644531e+00
2.050542831420898438e-01
2.271642684936523438e+00
2.116496562957763672e+00
-3.360526561737060547e+00
-7.900071144104003906e-01
5.086537361145019531e+00
4.779492378234863281e+00
-3.022521972656250000e+00
1.293272852897644043e+00
-5.457785129547119141e-01
-9.048568010330200195e-01
2.223680496215820312e+00
-7.012040615081787109e-01
1.011120080947875977e+00
3.715727090835571289e+00
3.462803125381469727e+00
-2.634272575378417969e+00
2.893549203872680664e-01
2.683238506317138672e+00
2.786442041397094727e-01
2.025447845458984375e+00
-5.277428627014160156e-01
3.199723243713378906e+00
1.940488219261169434e-01
5.578456401824951172e+00
1.995944023132324219e+00
-5.156159400939941406e-02
6.082768440246582031e-01
-1.300976753234863281e+00
1.794833898544311523e+00
7.017438411712646484e-01
1.767174243927001953e+00
4.516032218933105469e+00
3.556028604507446289e+00
4.821486473083496094e+00
2.479541301727294922e+00
-4.959945201873779297e+00
-1.887192249298095703e+00
-2.036091327667236328e+00
8.173209428787231445e-02
-1.769806861877441406e+00
-2.528660774230957031e+00
2.358433246612548828e+00
-3.864624500274658203e-01
4.945010542869567871e-01
2.433237075805664062e+00
6.473923921585083008e-01
-8.021337985992431641e-01
-1.062405109405517578e+00
-7.837426662445068359e-01
2.355039596557617188e+00
4.957390785217285156e+00
2.611026763916015625e+00
1.971390008926391602e+00
-3.249473571777343750e+00
3.021265029907226562e+00
5.251480579376220703e+00
1.159615278244018555e+00
1.358197331428527832e-01
-1.052459239959716797e+00
2.452005863189697266e+00
4.512566328048706055e-02
1.236301779747009277e+00
1.212956547737121582e+00
1.117046236991882324e+00
1.419215559959411621e+00
3.227140665054321289e+00
-1.102119684219360352e+00
-5.383744239807128906e-01
5.921878337860107422e+00
4.377404212951660156e+00
2.812914848327636719e+00
1.931854724884033203e+00
2.522532463073730469e+00
-1.473592042922973633e+00
3.616289138793945312e+00
1.366584539413452148e+00
1.316556096076965332e+00
2.404445886611938477e+00
-5.906109809875488281e-01
-2.082768917083740234e+00
1.242726802825927734e+00
-1.295509576797485352e+00
4.843448638916015625e+00
-4.039338111877441406e+00
-1.371559381484985352e+00
-2.072724819183349609e+00
8.789082765579223633e-01
4.339889049530029297e+00
-2.401357412338256836e+00
-1.485410213470458984e+00
5.432891845703125000e+00
-8.334803581237792969e-02
2.598886251449584961e+00
1.440105080604553223e+00
3.646799564361572266e+00
