1.858160018920898438e+00
4.198668956756591797e+00
1.804301142692565918e-01
1.670678496360778809e+00
7.912493944168090820e-01
1.604997396469116211e+00
3.458750009536743164e+00
2.659058570861816406e+00
4.627977013587951660e-01
1.760625600814819336e+00
2.435950040817260742e+00
1.065443992614746094e+00
-1.207972764968872070e-01
3.611646175384521484e+00
2.570216059684753418e-01
2.842126369476318359e+00
2.635415077209472656e+00
-6.931900978088378906e-02
-4.863967895507812500e-01
2.013460636138916016e+00
-5.041042566299438477e-01
1.524609565734863281e+00
-5.348097801208496094e+00
-2.739016294479370117e+00
-3.687568187713623047e+00
3.772572517395019531e+00
-5.066490173339843750e-02
5.146506309509277344e+00
-1.215370178222656250e+00
-1.734910964965820312e+00
1.506869316101074219e+00
4.061472415924072266e+00
3.797671198844909668e-01
2.202700138092041016e+00
3.050719499588012695e+00
1.892094731330871582e+00
7.393614292144775391e+00
3.720520257949829102e+00
-4.533268451690673828e+00
3.525603771209716797e+00
-2.973046302795410156e+00
-1.702734231948852539e+00
-6.785718202590942383e-01
1.281458735466003418e+00
1.474916934967041016e+00
1.047572255134582520e+00
1.129810810089111328e+00
2.029797315597534180e+00
1.960566759109497070e+00
1.224745988845825195e+00
2.235811710357666016e+00
-1.172205209732055664e+00
-1.418369531631469727e+00
2.278008937835693359e+00
1.449326992034912109e+00
2.145882844924926758e+00
3.745969772338867188e+00
3.454311132431030273e+00
1.142393350601196289e+00
3.475179910659790039e+00
2.213452816009521484e+00
2.042497158050537109e+00
4.461905360221862793e-01
-3.517064571380615234e+00
5.132850408554077148e-01
-1.033508062362670898e+00
2.600275039672851562e+00
-1.779915332794189453e+00
-6.812162399291992188e-01
-9.647748470306396484e-01
-1.210659742355346680e+00
-2.925434350967407227e+00
1.188467741012573242e+00
-1.322206735610961914e+00
3.915452957153320312e+00
-2.905050277709960938e+00
-1.705718278884887695e+00
2.609203577041625977e+00
-2.458175420761108398e-01
4.251078605651855469e+00
1.305185437202453613e+00
-3.665540218353271484e-01
5.348697900772094727e-01
3.305616378784179688e+00
1.834037303924560547e+00
5.625628471374511719e+00
-5.220884084701538086e-01
1.749904870986938477e+00
2.459809303283691406e+00
2.232574939727783203e+00
2.516360759735107422e+00
3.113902330398559570e+00
-1.081596374511718750e+00
-3.600190639495849609e+00
1.556566715240478516e+00
5.615139007568359375e-01
4.800311088562011719e+00
-1.397736787796020508e+00
-5.883865356445312500e-01
2.858498573303222656e+00
6.946033835411071777e-01
-2.122487545013427734e+00
6.626474261283874512e-01
-2.212559461593627930e+00
-1.723519563674926758e+00
1.277043461799621582e+00
-3.324076175689697266e+00
3.906736850738525391e+00
3.656795024871826172e+00
4.079656600952148438e+00
6.200588345527648926e-01
2.225144624710083008e+00
3.545995712280273438e+00
2.021381378173828125e+00
1.786104798316955566e+00
2.434892654418945312e+00
-1.088488817214965820e+00
1.974175930023193359e+00
4.529152870178222656e+00
-3.556573390960693359e-02
-1.875283718109130859e+00
1.414592385292053223e+00
-1.912058353424072266e+00
-1.041805505752563477e+00
3.404819726943969727e+00
1.457888484001159668e+00
6.434496641159057617e-01
2.413919568061828613e-01
-2.360727310180664062e+00
2.958559751510620117e+00
1.498948812484741211e+00
-1.718722105026245117e+00
2.858858704566955566e-01
-9.789208173751831055e-01
1.582468748092651367e+00
6.410826444625854492e-01
2.258741855621337891e+00
1.335546374320983887e-01
3.481754064559936523e+00
2.905188083648681641e+00
5.644250869750976562e+00
1.195029735565185547e+00
2.095585346221923828e+00
5.772072315216064453e+00
3.799003362655639648e-02
-6.641974449157714844e-01
6.108835935592651367e-01
-2.848985671997070312e+00
-1.975654363632202148e-01
1.332431912422180176e+00
1.761659383773803711e+00
5.360280513763427734e+00
-3.721017837524414062e+00
4.304711818695068359e-01
5.252875804901123047e+00
4.229241847991943359e+00
-8.099204301834106445e-01
2.653570652008056641e+00
2.356488227844238281e+00
-2.999561786651611328e+00
-2.338027477264404297e+00
2.173626899719238281e+00
2.695517778396606445e+00
2.867145776748657227e+00
-1.311413049697875977e+00
9.366207122802734375e-01
-2.814611434936523438e+00
4.290151596069335938e+00
3.412122726440429688e+00
8.577246665954589844e-01
2.290659904479980469e+00
5.809859275817871094e+00
2.743495106697082520e-01
1.639520168304443359e+00
1.800843477249145508e-01
4.361373424530029297e+00
-2.355647087097167969e+00
-4.557347297668457031e+00
-3.484755516052246094e+00
3.336243629455566406e+00
1.617924571037292480e-01
1.547244906425476074e+00
2.176967144012451172e+00
3.160725831985473633e+00
-4.426064491271972656e+00
3.620162487030029297e+00
4.890474677085876465e-01
-1.328466415405273438e+00
6.874660849571228027e-01
1.587162017822265625e+00
2.738042354583740234e+00
3.340928316116333008e+00
7.684815406799316406e+00
-1.520380020141601562e+00
4.753623485565185547e+00
-1.286220550537109375e+00
2.693313121795654297e+00
6.622895002365112305e-01
-2.016284465789794922e-01
1.353352904319763184e+00
1.890799999237060547e+00
3.533272743225097656e+00
7.618119120597839355e-01
-6.815808773040771484e+00
6.049410700798034668e-01
1.670261144638061523e+00
1.254449605941772461e+00
2.190922260284423828e+00
1.346104383468627930e+00
-6.427123546600341797e-01
6.543818712234497070e-01
3.644333362579345703e+00
2.554351806640625000e+00
2.378338813781738281e+00
1.502350211143493652e+00
3.525941371917724609e+00
-1.761318206787109375e+00
-1.412229537963867188e-01
-9.033013582229614258e-01
8.531478047370910645e-01
2.993031024932861328e+00
5.269386768341064453e+00
-2.187861204147338867e-01
2.344127178192138672e+00
-1.757048845291137695e+00
2.798102378845214844e+00
3.559495687484741211e+00
6.833683252334594727e-01
3.247941732406616211e+00
-1.744483709335327148e-01
4.399120807647705078e-03
3.119646787643432617e+00
-1.168798208236694336e+00
-3.300776481628417969e-01
-1.095905303955078125e+00
2.420621395111083984e+00
1.350012421607971191e+00
1.972591876983642578e+00
-1.659304618835449219e+00
5.213956832885742188e-01
1.619033813476562500e+00
7.412364482879638672e-01
2.598397493362426758e+00
3.648998022079467773e+00
4.337250709533691406e+00
1.492217779159545898e-01
-2.233729362487792969e+00
-8.924160003662109375e-01
4.353207111358642578e+00
1.230389118194580078e+00
7.370712161064147949e-01
8.906809687614440918e-01
1.430895686149597168e+00
-3.150527477264404297e-01
2.526323556900024414e+00
3.363030910491943359e+00
3.587924838066101074e-01
-7.405269145965576172e-01
1.516782641410827637e-01
1.665535807609558105e+00
-4.937001466751098633e-01
9.125708341598510742e-01
-1.300084590911865234e-01
-1.886180639266967773e-01
-2.070284605026245117e+00
-2.935743331909179688e-01
3.417862415313720703e+00
1.972539663314819336e+00
3.715537786483764648e-01
2.398135662078857422e+00
2.987098217010498047e+00
-3.342742919921875000e-01
2.038280367851257324e-01
4.130875587463378906e+00
-4.838921070098876953e+00
-8.256601095199584961e-01
-2.679245471954345703e-01
2.287956237792968750e+00
1.666262745857238770e-01
7.545596361160278320e-02
-1.880074024200439453e+00
1.721239805221557617e+00
-1.797349691390991211e+00
-1.326616287231445312e+00
-4.335380792617797852e-01
2.826563835144042969e+00
1.289273858070373535e+00
2.311720132827758789e+00
-8.625090122222900391e-01
3.498716115951538086e+00
4.795739650726318359e+00
3.333173513412475586e+00
3.426301479339599609e+00
3.130268812179565430e+00
2.810193777084350586e+00
-1.795063734054565430e+00
-1.682809114456176758e+00
2.075301408767700195e-01
-5.000890731811523438e+00
-1.452773809432983398e+00
-2.468079328536987305e-01
-2.602806091308593750e-01
7.031491994857788086e-01
3.249012231826782227e-01
2.586196422576904297e+00
6.590241909027099609e+00
1.590051174163818359e+00
3.886714458465576172e+00
4.088429450988769531e+00
3.178723573684692383e+00
2.207842826843261719e+00
-1.722028017044067383e+00
-2.075571298599243164e+00
2.155069351196289062e+00
7.885411977767944336e-01
-1.468079328536987305e+00
6.347052097320556641e+00
5.454449176788330078e+00
-1.099637985229492188e+00
5.117179393768310547e+00
-1.379518032073974609e+00
3.119316577911376953e+00
-1.650878190994262695e+00
1.367731094360351562e+00
2.660829544067382812e+00
-1.247624158859252930e+00
-5.373948812484741211e-01
-1.001329183578491211e+00
-3.729654550552368164e-01
3.871959447860717773e+00
-1.701067686080932617e-01
2.324884533882141113e-01
2.732657194137573242e-01
2.957856655120849609e+00
3.273054361343383789e-01
-3.360871315002441406e+00
1.671162247657775879e-01
1.422835826873779297e+00
-2.605912685394287109e+00
2.945595741271972656e+00
2.217895030975341797e+00
2.888679027557373047e+00
6.845029592514038086e-01
8.162792921066284180e-01
8.979648351669311523e-02
-8.476631641387939453e-01
-6.555020809173583984e-01
1.839432477951049805e+00
1.902754545211791992e+00
-5.990172624588012695e-01
1.645816802978515625e+00
2.508944511413574219e+00
3.516984462738037109e+00
1.197716474533081055e+00
2.051730155944824219e+00
2.862849473953247070e+00
3.065298795700073242e+00
1.049362421035766602e+00
-1.470175743103027344e+00
2.766853332519531250e+00
-1.128784418106079102e+00
4.441339373588562012e-01
2.980864644050598145e-01
2.420088529586791992e+00
-1.507096767425537109e+00
3.050347089767456055e+00
-1.448336839675903320e+00
-4.053764820098876953e+00
1.933872699737548828e+00
1.484123826026916504e+00
-3.918875455856323242e-01
3.162360668182373047e+00
1.699617147445678711e+00
1.706911802291870117e+00
-2.399843454360961914e+00
5.626393556594848633e-01
1.189590692520141602e+00
-3.011361122131347656e+00
4.036134719848632812e+00
1.933074474334716797e+00
-2.306668996810913086e+00
5.989905595779418945e-01
3.291316509246826172e+00
-2.922882080078125000e+00
2.923063039779663086e+00
-3.917424201965332031e+00
2.091485977172851562e+00
5.267824172973632812e+00
-6.061527729034423828e-01
-4.604647159576416016e-01
-1.934913635253906250e+00
-1.149439811706542969e-01
3.099484920501708984e+00
-1.064065217971801758e+00
2.332359313964843750e+00
2.265727996826171875e+00
2.447034358978271484e+00
5.124702453613281250e+00
2.074858665466308594e+00
3.214595556259155273e+00
-2.459446668624877930e+00
3.840808868408203125e-01
-2.472647905349731445e+00
-9.683831930160522461e-01
6.939823627471923828e-01
2.597624301910400391e+00
4.080168008804321289e-01
1.697389602661132812e+00
8.005389571189880371e-01
-3.751174449920654297e+00
-2.290785789489746094e+00
1.315943002700805664e+00
-1.885827779769897461e-01
3.768242120742797852e+00
1.193509221076965332e+00
-2.478962659835815430e+00
1.674515008926391602e-01
-2.480458498001098633e+00
2.935595512390136719e-01
-1.240988254547119141e+00
2.688940167427062988e-01
1.605628490447998047e+00
-1.103579282760620117e+00
2.400604248046875000e+00
-1.131250858306884766e-01
2.464750289916992188e+00
-7.132381200790405273e-01
-2.695041894912719727e-01
2.649443149566650391e+00
3.514451026916503906e+00
2.691089510917663574e-01
1.849947214126586914e+00
-9.626352787017822266e-02
1.446354627609252930e+00
4.158219695091247559e-01
2.150462269783020020e-01
-4.749775886535644531e+00
1.729286670684814453e+00
-5.822165012359619141e-01
1.422179579734802246e+00
-3.772100925445556641e+00
2.127580404281616211e+00
-4.789713382720947266e+00
4.846495389938354492e-02
3.685853958129882812e+00
2.794668674468994141e+00
-1.591589927673339844e+00
-3.973625898361206055e-01
2.431311130523681641e+00
1.443510055541992188e+00
7.151643037796020508e-01
-1.749443054199218750e+00
-8.275071382522583008e-01
3.243167877197265625e+00
2.702797889709472656e+00
5.583496093750000000e-01
6.099998474121093750e+00
-1.746024847030639648e+00
-1.896760702133178711e+00
1.861710548400878906e+00
-2.148359298706054688e+00
-9.829456806182861328e-01
1.995707511901855469e+00
4.348493218421936035e-01
-8.489788770675659180e-01
1.071187973022460938e+00
2.742171764373779297e+00
8.076148629188537598e-01
2.663632392883300781e+00
4.633660316467285156e+00
4.879228591918945312e+00
1.788001060485839844e+00
7.024499177932739258e-01
4.324422359466552734e+00
2.527590751647949219e+00
-5.542284965515136719e+00
-5.971056222915649414e-01
1.580470085144042969e+00
-1.702441692352294922e+00
-1.178107500076293945e+00
-7.394413948059082031e-01
-1.305227279663085938e+00
9.998049139976501465e-01
2.710729122161865234e+00
-8.956084251403808594e-01
8.347854018211364746e-01
1.274530649185180664e+00
3.291198730468750000e+00
3.386174917221069336e+00
-3.979253768920898438e-01
-1.553833484649658203e+00
2.178507328033447266e+00
1.049595236778259277e+00
8.031784296035766602e-01
-2.278316497802734375e+00
3.511051535606384277e-01
3.485971927642822266e+00
8.882576227188110352e-01
7.431737184524536133e-01
-2.640897750854492188e+00
3.330673217773437500e+00
2.970891952514648438e+00
2.028898715972900391e+00
-7.838181257247924805e-01
1.853471994400024414e-01
3.188722729682922363e-01
4.525886058807373047e+00
5.164973735809326172e-01
-3.379028797149658203e+00
-2.172798871994018555e+00
1.723972797393798828e+00
-1.700930595397949219e-01
-1.885441541671752930e-01
4.980389118194580078e+00
2.417476177215576172e+00
1.825581789016723633e+00
2.218919754028320312e+00
6.532681584358215332e-01
-6.737710237503051758e-01
-3.834344148635864258e-01
-6.574669837951660156e+00
1.406627535820007324e+00
2.475029468536376953e+00
3.534275054931640625e+00
2.480246543884277344e+00
4.023989677429199219e+00
-2.973641157150268555e+00
1.844730615615844727e+00
-1.650669574737548828e+00
-6.364496946334838867e-01
1.845233917236328125e+00
2.373694896697998047e+00
2.550846934318542480e-01
-8.613944053649902344e-02
-1.892095804214477539e-01
2.251455307006835938e+00
1.134628534317016602e+00
3.538608551025390625e+00
-5.413719415664672852e-01
5.768522262573242188e+00
-5.738487243652343750e-01
4.272727966308593750e+00
-3.245661735534667969e+00
2.295361995697021484e+00
1.836669206619262695e+00
2.181810140609741211e-02
7.271416187286376953e+00
1.693087458610534668e+00
1.369705438613891602e+00
4.825021743774414062e+00
-7.516220808029174805e-01
-8.981636762619018555e-01
-2.568077325820922852e+00
1.519425392150878906e+00
2.676934003829956055e-01
1.302988648414611816e+00
1.395485997200012207e+00
4.212002754211425781e+00
2.870662808418273926e-01
1.619576930999755859e+00
-2.675628662109375000e-02
2.183595418930053711e+00
-1.161695957183837891e+00
1.291431427001953125e+00
-1.215838193893432617e+00
-3.576886653900146484e+00
8.539524078369140625e-01
-3.122772693634033203e+00
-1.680238246917724609e+00
3.353057861328125000e+00
-2.091682434082031250e+00
4.620575904846191406e+00
3.166813373565673828e+00
1.714001893997192383e+00
-9.119728803634643555e-01
1.711158037185668945e+00
2.297905921936035156e+00
-3.649783134460449219e-02
2.111940860748291016e+00
3.138312816619873047e+00
1.957690715789794922e+00
4.652024745941162109e+00
1.318374514579772949e+00
4.399352073669433594e+00
-9.221231937408447266e-01
6.871810436248779297e+00
-1.234972476959228516e+00
-4.576239585876464844e-01
3.834249377250671387e-01
2.476801872253417969e+00
2.399139404296875000e-01
4.650933146476745605e-01
1.541697978973388672e+00
1.343295335769653320e+00
2.448010444641113281e+00
-2.722227096557617188e+00
1.906001567840576172e+00
-2.331764221191406250e+00
5.865077972412109375e-01
-1.485912322998046875e+00
5.155801773071289062e-04
7.946006655693054199e-01
2.214081764221191406e+00
3.060046672821044922e+00
1.146104335784912109e-01
4.540615081787109375e+00
9.000061154365539551e-01
2.053700089454650879e-01
3.828389406204223633e+00
4.468901634216308594e+00
2.553476810455322266e+00
1.519238948822021484e-02
1.018422245979309082e+00
-2.252489805221557617e+00
2.002629041671752930e+00
5.186933040618896484e+00
4.032207012176513672e+00
8.350692391395568848e-01
3.679199934005737305e+00
1.011042952537536621e+00
1.054937481880187988e+00
-1.366066694259643555e+00
2.069849014282226562e+00
-1.740510940551757812e+00
-3.082546234130859375e+00
1.362969756126403809e+00
-1.942058563232421875e+00
-4.682645797729492188e+00
-4.652262926101684570e-01
7.405346035957336426e-01
5.921312570571899414e-01
1.785701513290405273e+00
9.440679550170898438e-01
3.890781879425048828e+00
1.080536365509033203e+00
2.031239867210388184e-01
-3.807489871978759766e+00
1.034355401992797852e+00
3.163454294204711914e+00
9.410381913185119629e-01
-3.579452037811279297e+00
1.410884380340576172e+00
-1.469478607177734375e-01
5.200434684753417969e+00
6.123887538909912109e+00
3.060213088989257812e+00
1.107129812240600586e+00
-1.074847221374511719e+00
-2.567328929901123047e+00
-9.407547712326049805e-01
-2.389696359634399414e+00
3.101193428039550781e+00
3.774955868721008301e-01
5.888732671737670898e-01
1.118202209472656250e+00
2.276339530944824219e+00
3.279325366020202637e-01
1.817584276199340820e+00
-3.986707687377929688e+00
1.820334434509277344e+00
-2.563436508178710938e+00
3.648861169815063477e+00
8.694325685501098633e-01
-1.174193382263183594e+00
1.233359694480895996e+00
2.979531049728393555e+00
2.314276695251464844e+00
2.100359916687011719e+00
1.903285503387451172e+00
-1.607154130935668945e+00
8.275175690650939941e-01
4.458713531494140625e+00
1.511720895767211914e+00
2.030160188674926758e+00
1.451217174530029297e+00
2.363334894180297852e+00
-1.789838075637817383e+00
2.740642547607421875e+00
3.077857255935668945e+00
3.312951564788818359e+00
5.500870943069458008e-01
5.723687410354614258e-01
1.358819007873535156e+00
-6.838145256042480469e-01
2.397213220596313477e+00
-7.080445289611816406e-01
-9.326149225234985352e-01
2.987414836883544922e+00
3.781875610351562500e+00
2.911927700042724609e+00
-2.871841430664062500e+00
1.749982357025146484e+00
-1.561673641204833984e+00
1.517807722091674805e+00
8.224251270294189453e-01
4.087781906127929688e+00
2.150922060012817383e+00
5.743911743164062500e+00
-1.903604984283447266e+00
-1.695247411727905273e+00
-3.829336166381835938e+00
5.400640010833740234e+00
-1.108285903930664062e+00
-4.745190143585205078e-01
6.317715167999267578e+00
6.512390613555908203e+00
-9.165478944778442383e-01
3.387884616851806641e+00
-6.706211566925048828e-01
-7.846685647964477539e-01
1.332568645477294922e+00
-1.059914350509643555e+00
-2.363137483596801758e+00
3.319257497787475586e-01
4.055887460708618164e-01
-1.165697097778320312e+00
-3.824163913726806641e+00
2.629041671752929688e-01
2.580973148345947266e+00
2.074698805809020996e-01
-1.244080781936645508e+00
1.095538735389709473e-01
5.255083084106445312e+00
-2.427922487258911133e-01
2.986769914627075195e+00
3.357035875320434570e+00
1.423450708389282227e-01
1.655567407608032227e+00
1.578495502471923828e+00
2.335076808929443359e+00
-2.093295097351074219e+00
-2.938762426376342773e+00
5.048199892044067383e-01
-9.899952411651611328e-01
-2.664577960968017578e+00
-8.819118738174438477e-01
2.663631677627563477e+00
1.017310142517089844e+00
-2.366141319274902344e+00
2.624876022338867188e+00
3.664728403091430664e-01
-1.789132118225097656e+00
1.149659752845764160e+00
-2.046428442001342773e+00
-4.024648666381835938e-02
2.541248798370361328e+00
7.955729961395263672e-03
1.220636963844299316e+00
2.039818763732910156e+00
-1.857816696166992188e+00
-2.371425390243530273e+00
3.463784217834472656e+00
1.109522819519042969e+00
3.361773490905761719e+00
-2.907084941864013672e+00
-6.022173881530761719e+00
4.403390884399414062e+00
3.093750000000000000e+00
-1.553843975067138672e+00
8.327416181564331055e-01
1.666682004928588867e+00
2.953623771667480469e+00
-5.293396949768066406e+00
3.662990093231201172e+00
-2.174270153045654297e+00
-8.726166486740112305e-01
1.680658221244812012e+00
-1.008510351181030273e+00
-1.951489448547363281e+00
5.069292545318603516e+00
-1.984731912612915039e+00
9.758609533309936523e-01
6.636336445808410645e-01
2.043909072875976562e+00
-8.392239809036254883e-01
1.462367653846740723e+00
-1.482142210006713867e+00
-3.297427177429199219e+00
3.181037902832031250e+00
4.844947814941406250e+00
-3.404037952423095703e+00
5.400907993316650391e-01
1.363319516181945801e+00
1.392281532287597656e+00
2.103370189666748047e+00
-2.530592679977416992e-01
3.132464885711669922e-01
-8.844964504241943359e-01
-1.140641450881958008e+00
1.725584864616394043e+00
5.185828685760498047e+00
1.034601092338562012e+00
-7.314907312393188477e-01
-1.417284250259399414e+00
2.728623390197753906e+00
8.554230928421020508e-01
2.130677938461303711e+00
-5.261474847793579102e-01
4.709479331970214844e+00
-3.572792530059814453e+00
2.012948393821716309e-01
-9.571797847747802734e-01
1.624501943588256836e-01
2.328377246856689453e+00
1.166241168975830078e+00
2.046242356300354004e-01
2.629176139831542969e+00
-5.728957653045654297e-01
3.394556522369384766e+00
3.271218776702880859e+00
1.746223330497741699e+00
-6.604304313659667969e-01
4.879643917083740234e-01
3.305256366729736328e+00
3.627887487411499023e+00
6.895331382751464844e+00
-2.265847921371459961e-01
-2.000216484069824219e+00
-8.340990543365478516e-01
-8.867897987365722656e-01
3.624957323074340820e+00
1.199656844139099121e+00
-1.556200265884399414e+00
1.160663843154907227e+00
2.928951740264892578e+00
6.449390649795532227e-01
1.335928678512573242e+00
3.948437213897705078e+00
2.640299797058105469e+00
6.136144399642944336e-01
1.361178517341613770e+00
3.127007007598876953e+00
1.934065222740173340e-01
-1.483677625656127930e+00
4.713078737258911133e-01
-1.669009447097778320e+00
5.366879940032958984e+00
2.396360874176025391e+00
1.263643622398376465e+00
4.737041473388671875e+00
-2.822793006896972656e+00
2.842365741729736328e+00
-3.596023082733154297e+00
1.419675827026367188e+00
1.149574875831604004e+00
-2.544905424118041992e+00
4.989205837249755859e+00
1.694369554519653320e+00
-2.694808244705200195e+00
-3.677268505096435547e+00
4.608721256256103516e+00
-1.618949651718139648e+00
1.057274580001831055e+00
4.865512847900390625e+00
1.574422359466552734e+00
3.246024608612060547e+00
-9.571346044540405273e-01
3.033712148666381836e+00
9.325662255287170410e-01
-1.075605869293212891e+00
1.134979605674743652e+00
-2.337203025817871094e-01
3.965950012207031250e-02
5.206779241561889648e-01
3.097260236740112305e+00
2.827005386352539062e+00
-2.879225015640258789e-01
-4.415576934814453125e+00
-2.483619451522827148e+00
5.427207469940185547e+00
2.159513950347900391e+00
1.733264446258544922e+00
2.807497739791870117e+00
-4.274635314941406250e-01
3.964875936508178711e+00
1.438950181007385254e+00
-9.941542148590087891e-02
3.577492237091064453e+00
5.018603324890136719e+00
1.506238341331481934e+00
-9.659339189529418945e-01
6.101340651512145996e-01
-3.324993133544921875e+00
-7.309113740921020508e-01
3.728235006332397461e+00
-6.352974176406860352e-01
4.331752061843872070e-01
1.224678993225097656e+00
4.809652566909790039e-01
5.636226177215576172e+00
-8.114175796508789062e-01
-1.050177097320556641e+00
3.890640974044799805e+00
-1.771996021270751953e+00
5.922616720199584961e-01
9.932438731193542480e-01
-2.834759950637817383e-01
2.617243289947509766e+00
2.727500438690185547e+00
4.980118274688720703e+00
2.749394416809082031e+00
7.887620925903320312e-01
-4.654240608215332031e-02
-2.958068847656250000e-01
3.272006511688232422e+00
-3.245379447937011719e+00
-2.252918004989624023e+00
-2.859728097915649414e+00
4.225980281829833984e+00
-2.171067714691162109e+00
4.571181297302246094e+00
3.635910034179687500e+00
3.880244016647338867e+00
-3.861155033111572266e+00
-2.140946388244628906e-01
1.488726258277893066e+00
-6.136232614517211914e-01
2.179403781890869141e+00
-2.076066017150878906e+00
2.569491863250732422e+00
7.117556333541870117e-01
2.038365364074707031e+00
3.923830032348632812e+00
-4.394453763961791992e-01
3.269662380218505859e+00
3.140521526336669922e+00
3.011875152587890625e+00
7.581270694732666016e+00
-5.413302421569824219e+00
-6.460818052291870117e-01
-2.978078365325927734e+00
1.870206713676452637e+00
1.487450718879699707e+00
-4.614995002746582031e+00
2.267053604125976562e+00
2.114247798919677734e+00
1.368923187255859375e+00
-1.872815608978271484e+00
1.607392787933349609e+00
3.984745740890502930e+00
-1.638026237487792969e+00
4.162445068359375000e-01
2.073014259338378906e+00
3.027498006820678711e+00
2.857290983200073242e+00
3.800864934921264648e+00
2.230623245239257812e+00
2.756673812866210938e+00
1.241958737373352051e+00
4.620860815048217773e-01
4.773076772689819336e-01
3.074269533157348633e+00
2.264252424240112305e+00
1.382671952247619629e+00
2.721996545791625977e+00
5.742807865142822266e+00
-2.971925735473632812e-01
1.191024780273437500e+00
3.130337238311767578e+00
2.351211309432983398e-01
1.526429653167724609e+00
-1.571102857589721680e+00
-8.292658329010009766e-01
-2.131490468978881836e+00
5.060023069381713867e-02
-2.147270202636718750e+00
5.651261329650878906e+00
1.133631467819213867e-01
2.638104438781738281e+00
-2.936834096908569336e-01
7.333469390869140625e-01
2.215633392333984375e+00
1.750186085700988770e-01
-4.650839567184448242e-01
1.871669530868530273e+00
-6.673061847686767578e-01
-8.852210044860839844e-01
9.511715173721313477e-02
-2.065127611160278320e+00
9.311500191688537598e-01
1.373225331306457520e+00
-9.408996105194091797e-01
9.531141519546508789e-01
1.347534060478210449e+00
1.788020730018615723e-01
3.267677307128906250e+00
-4.860619306564331055e-01
-2.361355304718017578e+00
1.012290477752685547e+00
-2.659759998321533203e+00
5.032584667205810547e-01
-4.707456111907958984e+00
-2.075301408767700195e+00
-6.104898452758789062e-02
1.565680742263793945e+00
9.657337665557861328e-01
-1.624875783920288086e+00
-1.463868856430053711e+00
2.903907775878906250e+00
2.738662242889404297e+00
