-1.858092498779296875e+01 1.049172878265380859e+01
7.099760055541992188e+00 -1.170766067504882812e+01
-2.959220886230468750e+01 -3.090319395065307617e+00
-1.454598236083984375e+01 2.532679080963134766e+00
-1.359685707092285156e+01 -1.659070777893066406e+01
-8.513431549072265625e+00 9.859606742858886719e+00
-7.390222549438476562e+00 9.423899650573730469e+00
-8.928430557250976562e+00 -9.637601852416992188e+00
5.718970775604248047e+00 1.347140222787857056e-01
-2.573953866958618164e+00 -1.720201730728149414e+00
-1.187220573425292969e+01 -3.117906808853149414e+00
-2.062727510929107666e-01 1.007165813446044922e+01
3.018948078155517578e+00 -3.922420024871826172e+00
-2.157495307922363281e+01 -2.378013992309570312e+01
4.654841899871826172e+00 2.004335165023803711e+00
1.361035346984863281e+01 1.011037063598632812e+01
1.044724941253662109e+01 1.011469936370849609e+01
-1.479094123840332031e+01 6.272726535797119141e+00
-5.273656845092773438e-01 -5.203616142272949219e+00
7.214176654815673828e+00 3.153228998184204102e+00
-5.886526584625244141e+00 -7.666973114013671875e+00
-8.409458160400390625e+00 1.557109355926513672e+01
6.422724723815917969e+00 1.005261039733886719e+01
-9.238082885742187500e+00 -3.169375658035278320e+00
7.034223556518554688e+00 -6.443294525146484375e+00
-1.739075064659118652e+00 -5.213239192962646484e+00
5.933331489562988281e+00 -1.813081550598144531e+01
-4.308032989501953125e+00 8.371800422668457031e+00
-3.272452652454376221e-01 -7.722630500793457031e+00
1.816650480031967163e-01 1.548392200469970703e+01
6.580831527709960938e+00 1.812589883804321289e+00
-1.733853936195373535e+00 -1.495750617980957031e+01
-1.176164150238037109e+00 -6.532422065734863281e+00
-1.033167934417724609e+01 -2.857800483703613281e+00
1.610923767089843750e+01 1.531410980224609375e+01
1.982854080200195312e+01 1.649803733825683594e+01
1.255776596069335938e+01 -1.901529073715209961e+00
-1.069972395896911621e+00 -4.624388694763183594e+00
-1.929043960571289062e+01 -4.838175296783447266e+00
-6.726419448852539062e+00 -9.780744552612304688e+00
-1.745486140251159668e+00 2.241707992553710938e+01
1.815189242362976074e+00 4.792936801910400391e+00
-3.640091180801391602e+00 1.627422714233398438e+01
8.398261070251464844e+00 9.790857315063476562e+00
5.604615688323974609e+00 -5.087983608245849609e+00
6.820017099380493164e-01 8.031115531921386719e+00
4.227416038513183594e+00 -6.645408153533935547e+00
-5.953723907470703125e+00 -1.976064682006835938e+01
6.944930076599121094e+00 -3.680584192276000977e+00
6.570798873901367188e+00 -3.756470918655395508e+00
7.153271675109863281e+00 4.549823760986328125e+00
-1.009492111206054688e+01 -2.438857793807983398e+00
-3.446809053421020508e+00 1.343234062194824219e+01
-1.856154084205627441e+00 1.759481430053710938e+00
-4.850572049617767334e-01 6.717287302017211914e-01
-2.163060903549194336e+00 2.759285926818847656e+00
-1.234178543090820312e+01 8.933049201965332031e+00
1.034643077850341797e+01 -8.996147513389587402e-01
8.107101440429687500e+00 3.443504571914672852e+00
-2.439129114151000977e+00 1.066818594932556152e+00
6.679657936096191406e+00 3.009301424026489258e+00
2.746253585815429688e+01 6.303950309753417969e+00
-1.375255775451660156e+01 1.190014481544494629e+00
-2.093231391906738281e+01 3.705884456634521484e+00
3.101714849472045898e+00 1.421446561813354492e+00
2.036365032196044922e+00 -4.275557041168212891e+00
3.963582992553710938e+00 -1.331087493896484375e+01
-6.966751098632812500e+00 -2.818387508392333984e+00
-4.401729583740234375e+00 -4.589227199554443359e+00
3.078223705291748047e+00 4.132435798645019531e+00
1.075974559783935547e+01 -3.548845291137695312e+00
-4.771923542022705078e+00 6.660751342773437500e+00
5.930345535278320312e+00 -2.371770620346069336e+00
1.076936817169189453e+01 -1.630988311767578125e+01
1.199198627471923828e+01 -1.346092033386230469e+01
2.241899490356445312e+00 -1.356936931610107422e+00
-1.309083175659179688e+01 -5.030294656753540039e-01
-1.167536601424217224e-01 2.201515197753906250e+00
5.261625289916992188e+00 -1.774093627929687500e+01
-7.639124393463134766e-01 -5.178420066833496094e+00
2.323865413665771484e+00 -1.847444057464599609e+00
9.249144554138183594e+00 7.411585330963134766e+00
3.257973432540893555e+00 1.574371910095214844e+01
9.932262420654296875e+00 -2.751310348510742188e+00
-1.209494590759277344e+01 -2.345219039916992188e+01
-7.344427108764648438e+00 -9.458950042724609375e+00
-1.179677772521972656e+01 9.820049285888671875e+00
-1.021831512451171875e+01 -1.179089665412902832e+00
1.886432647705078125e+01 1.884123039245605469e+01
-1.129200458526611328e+01 5.494661331176757812e+00
-3.489412784576416016e+00 1.251261615753173828e+01
2.622889280319213867e+00 9.159902572631835938e+00
-9.451036453247070312e+00 -4.100364208221435547e+00
1.305720424652099609e+01 -7.670765876770019531e+00
-7.098967552185058594e+00 -5.684410929679870605e-01
-1.524676227569580078e+01 -3.852470397949218750e+00
-1.412799596786499023e+00 7.642549276351928711e-01
1.114557647705078125e+01 -1.606929779052734375e+00
-4.848206996917724609e+00 4.188290119171142578e+00
-2.850365877151489258e+00 -3.512084245681762695e+00
2.354366540908813477e+00 4.072308063507080078e+00
-1.320866346359252930e+00 -4.690252304077148438e+00
-1.105980396270751953e+01 9.985808372497558594e+00
5.656357765197753906e+00 1.322536230087280273e+00
4.347773194313049316e-01 1.117757320404052734e+01
-2.090947866439819336e+00 1.019623184204101562e+01
4.269958496093750000e+00 1.069217681884765625e+01
-1.709771347045898438e+01 5.334513187408447266e+00
1.701394271850585938e+01 1.021140956878662109e+01
8.343438148498535156e+00 -2.689176559448242188e+01
-8.061401367187500000e+00 2.269579696655273438e+01
2.164772415161132812e+01 4.619317531585693359e+00
1.188954830169677734e+01 -9.117751121520996094e-01
-1.268203258514404297e+01 3.188451290130615234e+00
-4.331306934356689453e+00 -6.551964282989501953e+00
7.373260974884033203e+00 -4.015422344207763672e+00
2.599267959594726562e+00 8.422858238220214844e+00
1.900158309936523438e+01 3.235341310501098633e+00
-6.986734867095947266e+00 7.083053588867187500e+00
-3.931672573089599609e+00 -1.367572426795959473e+00
-5.696746826171875000e+00 1.254452466964721680e+00
1.790015220642089844e+01 3.538964986801147461e+00
6.425611972808837891e+00 -8.133443832397460938e+00
1.597848892211914062e+01 1.594349741935729980e+00
7.614434242248535156e+00 -1.136973190307617188e+01
-1.086263418197631836e+00 1.426692008972167969e+01
1.470919227600097656e+01 4.264788150787353516e+00
-1.579228305816650391e+01 -6.350879192352294922e+00
-2.740982770919799805e+00 -4.811352729797363281e+00
4.613783359527587891e-01 5.718765258789062500e+00
2.643782615661621094e+00 1.771202278137207031e+01
-1.735343551635742188e+01 -5.447626590728759766e+00
-1.462772274017333984e+01 2.008462905883789062e+00
-6.494318962097167969e+00 1.254616379737854004e+00
1.125316858291625977e+00 1.265998840332031250e+01
2.042194366455078125e+00 2.109248161315917969e+00
1.394908130168914795e-01 7.413589954376220703e-01
-2.742736816406250000e+00 2.000743389129638672e+00
-1.386387634277343750e+01 1.173798084259033203e+01
4.690010070800781250e+00 4.946619033813476562e+00
-1.454935073852539062e+01 -5.643290519714355469e+00
3.401197910308837891e+00 -1.344978213310241699e-01
-1.082727909088134766e+01 1.896121740341186523e+00
-7.582170963287353516e+00 4.127247810363769531e+00
1.239971923828125000e+01 5.612676620483398438e+00
-2.122143173217773438e+01 1.696275472640991211e+00
-5.700176239013671875e+00 -4.880865097045898438e+00
-1.237873649597167969e+01 1.114327812194824219e+01
-1.221406555175781250e+01 7.789890766143798828e+00
-8.820925712585449219e+00 1.271435356140136719e+01
1.763521313667297363e+00 -2.248497390747070312e+01
1.135386657714843750e+01 4.281502723693847656e+00
6.626224994659423828e+00 9.602197408676147461e-01
-1.022158050537109375e+01 3.087256193161010742e+00
-1.615274238586425781e+01 -3.158087730407714844e+00
1.956046676635742188e+01 -9.603004455566406250e+00
2.555307865142822266e+00 -6.898683309555053711e-01
-3.423395395278930664e+00 5.475910380482673645e-02
-7.408463478088378906e+00 -3.248143196105957031e+00
6.159126162528991699e-01 -6.492373466491699219e+00
1.520094299316406250e+01 -2.849723100662231445e+00
-7.489931106567382812e+00 -9.424453735351562500e+00
2.674819231033325195e-01 8.962870597839355469e+00
-1.412956333160400391e+01 -1.395520114898681641e+01
9.440433502197265625e+00 1.253090381622314453e+01
6.939857482910156250e+00 -3.675827980041503906e+00
-6.987864971160888672e+00 6.222542762756347656e+00
-9.184849739074707031e+00 8.253511428833007812e+00
1.407613658905029297e+01 -6.585352897644042969e+00
-7.007144689559936523e-01 1.296346092224121094e+01
-1.369471549987792969e+01 2.973960876464843750e+00
8.658168792724609375e+00 -4.434505462646484375e+00
-3.417775869369506836e+00 -1.881053924560546875e+00
-1.891435265541076660e+00 -1.174451351165771484e+01
7.085082530975341797e+00 9.938880920410156250e+00
5.729700326919555664e-01 -2.131516456604003906e+01
7.028280258178710938e+00 1.122468233108520508e+00
8.019641876220703125e+00 -2.133475780487060547e+00
8.561209678649902344e+00 -6.792813301086425781e+00
-1.043503761291503906e+01 -1.114908409118652344e+01
5.087840557098388672e+00 -4.209688186645507812e+00
-3.825872182846069336e+00 1.999911308288574219e+01
-5.426612377166748047e+00 -5.316481590270996094e+00
2.418429946899414062e+01 -1.362968063354492188e+01
5.292814254760742188e+00 -1.559368133544921875e+01
8.574842453002929688e+00 7.914173603057861328e+00
-6.036527633666992188e+00 1.193244075775146484e+01
1.325836944580078125e+01 -4.447963714599609375e+00
5.350623130798339844e+00 -9.117139816284179688e+00
4.668711662292480469e+00 9.645288586616516113e-01
8.239601135253906250e+00 1.766260528564453125e+01
-1.763561820983886719e+01 1.959913444519042969e+01
-1.026478862762451172e+01 1.820990180969238281e+01
9.355069160461425781e+00 -2.248313665390014648e+00
9.839939117431640625e+00 1.227016091346740723e+00
-9.963869094848632812e+00 4.353407382965087891e+00
-6.116683006286621094e+00 -2.898311614990234375e+00
1.566469001770019531e+01 3.580065250396728516e+00
2.360480308532714844e+01 1.050015258789062500e+01
-9.443194389343261719e+00 6.884715080261230469e+00
8.633996963500976562e+00 1.401042556762695312e+01
-2.472846508026123047e+00 2.509148788452148438e+01
2.640329837799072266e+00 2.367846727371215820e+00
-7.861892700195312500e+00 -9.826436996459960938e+00
4.781993389129638672e+00 -2.371442985534667969e+01
-1.110056686401367188e+01 1.433252716064453125e+01
-9.828956604003906250e+00 9.381695747375488281e+00
1.359279251098632812e+01 -8.294365882873535156e+00
-1.152211666107177734e+01 -3.900895357131958008e+00
1.519184112548828125e+01 -1.001360702514648438e+01
1.639360070228576660e+00 -7.067573547363281250e+00
-1.324142074584960938e+01 3.050810098648071289e+00
1.357730674743652344e+01 2.985293865203857422e+00
-3.175688266754150391e+00 1.280459165573120117e+00
-1.085993647575378418e+00 -8.326909065246582031e+00
8.247579574584960938e+00 8.594060897827148438e+00
4.006566047668457031e+00 2.465201568603515625e+01
3.520572662353515625e+00 1.486482620239257812e+01
-1.060951423645019531e+01 1.324795913696289062e+01
1.230821609497070312e+01 6.860682487487792969e+00
1.427436470985412598e-01 1.243055725097656250e+01
-5.826505661010742188e+00 3.107218980789184570e+00
1.571656322479248047e+01 -1.344585299491882324e+00
1.228075981140136719e+01 -1.125220203399658203e+01
3.839793682098388672e+00 -2.075282669067382812e+01
-4.681829452514648438e+00 3.362208604812622070e+00
1.624468040466308594e+01 -1.768044281005859375e+01
7.797440528869628906e+00 9.035534858703613281e+00
2.213116645812988281e+01 -1.631416201591491699e+00
3.508959054946899414e+00 -1.568716144561767578e+01
-4.564154624938964844e+00 -4.460642814636230469e+00
-9.331583023071289062e+00 1.054831123352050781e+01
4.582384586334228516e+00 6.349608421325683594e+00
1.655588388442993164e+00 7.564049243927001953e+00
6.193366050720214844e+00 -1.251948952674865723e+00
5.198547840118408203e+00 1.592941284179687500e+01
2.154077911376953125e+01 -1.201190376281738281e+01
-9.689234733581542969e+00 9.468270301818847656e+00
-7.298727989196777344e+00 3.075588703155517578e+00
5.919040679931640625e+00 2.233282923698425293e-01
-7.286796569824218750e+00 2.425606966018676758e+00
1.092401504516601562e+01 -2.415915012359619141e+00
1.080616569519042969e+01 1.222509956359863281e+01
-6.104183197021484375e+00 4.618235230445861816e-01
-9.297055244445800781e+00 1.910962909460067749e-01
2.195928335189819336e+00 1.253667068481445312e+01
-7.539204597473144531e+00 7.947227478027343750e+00
1.040397453308105469e+01 1.217168712615966797e+01
-1.985754776000976562e+01 6.934685707092285156e+00
3.024233055114746094e+01 -6.344865798950195312e+00
-5.189179897308349609e+00 -3.715173244476318359e+00
-3.954235553741455078e+00 -5.616555690765380859e+00
5.980565547943115234e+00 1.134399414062500000e+01
-8.360663414001464844e+00 -9.858127593994140625e+00
-3.187744617462158203e-01 2.011032485961914062e+01
3.721163511276245117e+00 1.127010250091552734e+01
-1.109224700927734375e+01 -5.534948348999023438e+00
6.062704086303710938e+00 1.230564308166503906e+01
1.755946159362792969e+01 2.262060928344726562e+01
-5.382418632507324219e+00 -1.142981767654418945e+00
1.607500314712524414e-01 3.914568185806274414e+00
-2.780592069029808044e-02 8.281489372253417969e+00
-9.338187217712402344e+00 -1.059198760986328125e+01
-1.320620059967041016e+01 1.847663116455078125e+01
-1.273268461227416992e+00 9.465692520141601562e+00
-1.352558517456054688e+01 1.489267730712890625e+01
-6.234003067016601562e+00 1.156575393676757812e+01
1.480154418945312500e+01 5.637561902403831482e-03
1.004734039306640625e+01 1.118517017364501953e+01
-4.785883426666259766e+00 -1.733980941772460938e+01
-1.716816306114196777e+00 8.830694198608398438e+00
-2.332611560821533203e+00 1.203772735595703125e+01
2.308765029907226562e+01 -6.280092239379882812e+00
-4.525581836700439453e+00 8.952990531921386719e+00
1.959710717201232910e+00 1.373541069030761719e+01
-1.170100021362304688e+01 7.737324237823486328e+00
1.215112686157226562e+01 -6.769204616546630859e+00
-6.576562881469726562e+00 4.970611572265625000e+00
4.429152488708496094e+00 1.946377182006835938e+01
-1.008949756622314453e+00 6.702353954315185547e+00
1.036917090415954590e+00 5.343723297119140625e+00
6.770950317382812500e+00 -1.061140775680541992e+00
1.153147792816162109e+01 -7.506155490875244141e+00
-9.997895240783691406e+00 1.508841037750244141e+00
-4.182880401611328125e+00 -1.938971519470214844e+00
-2.537746191024780273e+00 9.858944892883300781e+00
9.472397804260253906e+00 -1.320598030090332031e+01
-5.780758380889892578e+00 2.028463125228881836e+00
8.627758026123046875e+00 -1.285150718688964844e+01
1.718838691711425781e+01 -1.442198371887207031e+01
-2.729225540161132812e+01 -3.542773485183715820e+00
-3.829092979431152344e+00 -7.833490848541259766e+00
2.645086050033569336e-01 -9.013065099716186523e-01
-7.912097454071044922e+00 1.299758720397949219e+01
1.300763702392578125e+01 -1.278820228576660156e+01
1.974525451660156250e+00 3.975069284439086914e+00
4.690872132778167725e-01 1.314715957641601562e+01
-1.036528968811035156e+01 -6.674935340881347656e+00
4.862915515899658203e+00 1.177635669708251953e+01
2.202787876129150391e+00 -1.775848007202148438e+01
-1.905137419700622559e+00 -9.840154647827148438e+00
1.485695838928222656e+01 -4.373051524162292480e-01
-1.553230381011962891e+01 -1.130093574523925781e+01
7.253363132476806641e+00 8.160157203674316406e+00
-2.155882072448730469e+01 -1.692362785339355469e+00
-3.123015403747558594e+00 5.753206253051757812e+00
-3.045539379119873047e+00 1.256005048751831055e+00
-6.107151508331298828e+00 -4.184769153594970703e+00
9.615873336791992188e+00 8.073966979980468750e+00
-9.137847900390625000e+00 -5.694471359252929688e+00
1.227903175354003906e+01 -5.981356620788574219e+00
1.363799285888671875e+01 2.085318088531494141e+00
-3.686748027801513672e+00 -2.040072441101074219e+01
-1.585437774658203125e+00 4.886993885040283203e+00
-1.452984690666198730e+00 -1.339375591278076172e+01
-8.197251319885253906e+00 1.109844923019409180e+00
4.379581928253173828e+00 -1.173772907257080078e+01
1.448790168762207031e+01 -1.088897824287414551e+00
-2.032837569713592529e-01 -5.482374191284179688e+00
6.703522205352783203e+00 -2.210011720657348633e+00
-1.165861988067626953e+01 1.271141910552978516e+01
4.494388580322265625e+00 5.082973957061767578e+00
1.737642049789428711e+00 -5.681910991668701172e+00
1.999782943725585938e+01 -1.277803993225097656e+01
7.372780799865722656e+00 -6.917137622833251953e+00
2.136296749114990234e+00 7.218173027038574219e+00
-7.689746856689453125e+00 -1.349706840515136719e+01
3.786085605621337891e+00 5.336487770080566406e+00
5.937695503234863281e+00 5.567111492156982422e+00
-1.492364311218261719e+01 -8.695037841796875000e+00
1.221423721313476562e+01 -5.884795188903808594e+00
6.454791069030761719e+00 -4.805576324462890625e+00
-1.128540897369384766e+01 2.770572900772094727e+00
4.054131984710693359e+00 -8.113097190856933594e+00
1.348902606964111328e+01 1.102216148376464844e+01
5.281922340393066406e+00 1.235464096069335938e+01
4.331833124160766602e-01 2.578269577026367188e+01
-1.644402694702148438e+01 4.282448768615722656e+00
5.145796775817871094e+00 1.641165542602539062e+01
6.151559352874755859e+00 1.003296756744384766e+01
-2.006815910339355469e+01 -5.761976242065429688e+00
7.735764980316162109e+00 -1.388646697998046875e+01
-2.399765968322753906e+00 1.130853652954101562e+01
-5.049964904785156250e+00 1.598519325256347656e+01
-9.449570655822753906e+00 -1.323188304901123047e+01
1.067106723785400391e+01 5.393242835998535156e+00
-4.007918357849121094e+00 -3.173046350479125977e+00
-9.480669021606445312e+00 -1.121299648284912109e+01
4.677021026611328125e+00 -3.432705163955688477e+00
-1.571735954284667969e+01 -1.150513553619384766e+01
-4.369099140167236328e+00 4.134124279022216797e+00
1.224744606018066406e+01 -1.835900497436523438e+01
-4.141410827636718750e+00 -3.277974128723144531e+00
-6.113761901855468750e+00 2.449194908142089844e+00
9.362590789794921875e+00 -6.332406520843505859e+00
4.617081642150878906e+00 4.508538722991943359e+00
-1.357658958435058594e+01 5.625978469848632812e+00
6.818805217742919922e+00 -1.245526218414306641e+01
-3.647030830383300781e+00 1.739272308349609375e+01
1.213105916976928711e+00 4.017373085021972656e+00
-1.008804893493652344e+01 6.972493171691894531e+00
1.335088968276977539e+00 1.572021961212158203e+01
-1.332594108581542969e+01 1.483496093750000000e+01
1.531840801239013672e+00 -2.264035987854003906e+01
-1.292459726333618164e+00 -7.942528247833251953e+00
-7.893830299377441406e+00 3.104937672615051270e-01
-5.068039417266845703e+00 -6.331780552864074707e-01
-7.286193370819091797e+00 -3.230962455272674561e-01
2.381749153137207031e+01 3.975071310997009277e-01
4.281352043151855469e+00 -4.999532222747802734e+00
4.171243667602539062e+00 -3.803191661834716797e+00
-7.821937561035156250e+00 7.148456096649169922e+00
1.420209312438964844e+01 3.023604154586791992e+00
4.464290618896484375e+00 3.729394674301147461e-01
-1.695853996276855469e+01 -1.610130691528320312e+01
8.446861267089843750e+00 -2.065974712371826172e+00
3.443890571594238281e+00 1.361050009727478027e+00
-1.630943107604980469e+01 -1.820880889892578125e+00
-2.555965781211853027e-01 -1.286297440528869629e+00
-1.180409073829650879e+00 -8.279045104980468750e+00
-5.513968944549560547e+00 -6.323192119598388672e-01
1.155922698974609375e+01 4.650771141052246094e+00
1.243272781372070312e+00 -1.129975414276123047e+01
-5.320791244506835938e+00 -6.503917694091796875e+00
7.910527706146240234e+00 6.829312324523925781e+00
-4.445077419281005859e+00 3.798294544219970703e+00
2.240054845809936523e+00 1.100944423675537109e+01
1.456419754028320312e+01 5.165906906127929688e+00
-2.415368318557739258e+00 7.931837558746337891e+00
1.031882286071777344e+01 2.158007144927978516e+00
-2.518074989318847656e+01 7.218037605285644531e+00
2.227973222732543945e+00 -4.188829421997070312e+00
-8.443288803100585938e+00 -5.075049400329589844e+00
-4.449704170227050781e+00 7.934847354888916016e+00
4.363376140594482422e+00 9.598318099975585938e+00
-1.575488328933715820e+00 3.195023164153099060e-03
8.440164566040039062e+00 1.006145668029785156e+01
8.433651924133300781e+00 5.484759330749511719e+00
3.561722040176391602e+00 1.195728111267089844e+01
-8.382273674011230469e+00 -2.599492549896240234e+00
1.284162712097167969e+01 -1.338625144958496094e+01
1.963002204895019531e+01 -6.622726440429687500e+00
2.475476741790771484e+00 7.873396396636962891e+00
-1.833238720893859863e+00 4.334331989288330078e+00
1.330152416229248047e+01 -7.867028236389160156e+00
2.665179967880249023e-01 -5.312242031097412109e+00
5.859907150268554688e+00 -6.846240043640136719e+00
-7.297532558441162109e+00 7.955493450164794922e+00
-1.956412887573242188e+01 1.568090534210205078e+01
1.088278293609619141e+01 2.623527145385742188e+01
1.694073867797851562e+01 1.183087539672851562e+01
-5.533064842224121094e+00 -2.145006561279296875e+01
7.376833915710449219e+00 -2.191135436296463013e-01
1.001000881195068359e+00 -3.304069995880126953e+00
1.317451858520507812e+01 -5.089087486267089844e+00
1.182681560516357422e+01 -4.105562210083007812e+00
-1.125062561035156250e+01 4.521034240722656250e+00
-1.289907264709472656e+01 8.971473693847656250e+00
1.090183973312377930e+00 1.227665901184082031e+01
1.702062034606933594e+01 1.249774813652038574e+00
6.686810970306396484e+00 1.081581115722656250e+01
7.872779846191406250e+00 -4.697674751281738281e+00
-1.072764778137207031e+01 -5.977964878082275391e+00
-2.721022129058837891e+00 8.404809951782226562e+00
2.541682481765747070e+00 1.208782291412353516e+01
5.461783409118652344e+00 -1.489381027221679688e+01
5.826650142669677734e+00 5.323307514190673828e+00
-1.506240844726562500e+01 4.581837654113769531e+00
-1.647798538208007812e+01 1.012811088562011719e+01
7.177464485168457031e+00 3.121631145477294922e-01
8.835562705993652344e+00 -1.088478469848632812e+01
1.019279956817626953e+01 7.123100757598876953e+00
-5.034244537353515625e+00 -1.384635448455810547e+01
6.866125583648681641e+00 6.233950138092041016e+00
2.103395271301269531e+01 1.280712962150573730e+00
3.194773435592651367e+00 -1.697575378417968750e+01
-6.007928848266601562e+00 5.882136821746826172e-01
2.473510742187500000e+01 -5.275658369064331055e-01
1.119794464111328125e+01 1.798058700561523438e+01
-3.120201826095581055e+00 2.496679782867431641e+00
5.462655067443847656e+00 1.264369010925292969e+01
1.518076705932617188e+01 -7.723975658416748047e+00
1.530705356597900391e+01 -9.492231369018554688e+00
9.430837631225585938e+00 1.076085853576660156e+01
6.718609809875488281e+00 5.715525627136230469e+00
-9.059093475341796875e+00 -2.936460733413696289e+00
-3.988533496856689453e+00 1.565610694885253906e+01
-7.031981468200683594e+00 -1.224603652954101562e+01
-1.130769968032836914e+00 4.416719436645507812e+00
4.465802669525146484e+00 -3.719775676727294922e+00
-1.616200804710388184e+00 -1.220993232727050781e+01
1.863232731819152832e+00 3.747512102127075195e+00
-7.530096054077148438e+00 -5.813374996185302734e+00
1.297453022003173828e+01 2.604026317596435547e+00
1.391127395629882812e+01 5.092773914337158203e+00
7.320595979690551758e-01 3.498612880706787109e+00
1.388705730438232422e+00 -4.383949279785156250e+00
-4.093176126480102539e-01 -8.313264846801757812e-01
-5.896751880645751953e-01 3.788116931915283203e+00
-3.887312412261962891e+00 9.654853820800781250e+00
-7.632236480712890625e-01 -3.434834718704223633e+00
-7.828369736671447754e-02 1.512432670593261719e+01
-3.728880643844604492e+00 -5.570482730865478516e+00
4.945550441741943359e+00 1.501062488555908203e+01
1.803333473205566406e+01 8.220518112182617188e+00
1.045355987548828125e+01 3.127238750457763672e+00
1.770427346229553223e+00 -6.180662631988525391e+00
4.765543460845947266e+00 -6.154963493347167969e+00
1.879253959655761719e+01 1.523945808410644531e+01
-5.706734180450439453e+00 -6.049875020980834961e-01
2.945339202880859375e+00 1.262229061126708984e+01
1.368062782287597656e+01 4.789206385612487793e-01
6.255888938903808594e+00 1.461714267730712891e+01
-1.796749114990234375e+01 -8.607336044311523438e+00
-1.061759757995605469e+01 7.620298862457275391e+00
6.271390914916992188e+00 7.147276997566223145e-01
-2.357096195220947266e+00 -5.946030616760253906e-01
7.567417621612548828e+00 -5.812422752380371094e+00
3.643543720245361328e+00 -1.399227714538574219e+01
-1.222174739837646484e+01 -7.732394218444824219e+00
-6.559857726097106934e-01 1.729653930664062500e+01
6.787693023681640625e+00 -5.858899116516113281e+00
1.029368400573730469e+01 1.834513187408447266e+00
-6.745757579803466797e+00 1.611672192811965942e-01
-1.469715714454650879e+00 -3.796148538589477539e+00
2.291231453418731689e-01 -1.533463096618652344e+01
-1.734531164169311523e+00 -1.413490390777587891e+01
-4.585668087005615234e+00 6.899090766906738281e+00
-1.028186988830566406e+01 1.585293292999267578e+01
-1.743103027343750000e+01 -5.764217376708984375e+00
-1.812492609024047852e-01 -9.931547164916992188e+00
-1.467769145965576172e+01 7.069948911666870117e-01
-2.036647796630859375e+01 -1.623021483421325684e+00
-1.028807640075683594e+01 -2.180759191513061523e+00
-5.154224395751953125e+00 -3.148347377777099609e+00
2.111447572708129883e+00 1.921168136596679688e+01
6.665124893188476562e+00 1.074317073822021484e+01
1.200438690185546875e+01 2.318054962158203125e+01
-1.405496406555175781e+01 7.291810035705566406e+00
-1.296291589736938477e+00 2.653531789779663086e+00
-3.920938730239868164e+00 6.516754031181335449e-01
-2.808440685272216797e+00 1.078184318542480469e+01
-1.226330661773681641e+01 1.537764072418212891e+01
-1.314220523834228516e+01 6.260947704315185547e+00
4.337902545928955078e+00 2.514829874038696289e+00
-3.644865751266479492e+00 -1.691391181945800781e+01
7.698313713073730469e+00 -5.511518001556396484e+00
1.810174942016601562e+01 -9.800436019897460938e+00
-2.278146743774414062e+00 1.278694343566894531e+01
8.454636573791503906e+00 -1.698163223266601562e+01
-1.546678066253662109e+01 4.614580154418945312e+00
1.175357055664062500e+01 9.133022308349609375e+00
1.800029945373535156e+01 6.106078624725341797e-01
-8.635897636413574219e+00 -1.461538124084472656e+01
-4.699470520019531250e+00 6.568447113037109375e+00
-9.024735450744628906e+00 7.849143028259277344e+00
-1.131587219238281250e+01 5.853505730628967285e-01
2.273864507675170898e+00 6.486920833587646484e+00
-9.028236389160156250e+00 -1.590094470977783203e+01
-1.566799926757812500e+01 -1.006787300109863281e+01
-1.656350898742675781e+01 -6.811530590057373047e+00
1.185693645477294922e+01 8.301733970642089844e+00
1.867410659790039062e+01 5.497327327728271484e+00
2.065822601318359375e+00 4.014146804809570312e+00
6.172294139862060547e+00 1.931839942932128906e+01
-1.103986358642578125e+01 1.927437663078308105e+00
-1.525269746780395508e+00 9.983262062072753906e+00
-7.095509529113769531e+00 -2.114293813705444336e+00
-8.171876907348632812e+00 -3.152827262878417969e+00
-4.357142448425292969e+00 9.732096672058105469e+00
-4.978559494018554688e+00 1.753775787353515625e+01
1.635071516036987305e+00 -1.326110363006591797e+00
-4.041210174560546875e+00 -1.960620284080505371e+00
-1.520857429504394531e+01 2.058363723754882812e+01
-7.659231185913085938e+00 5.531616210937500000e+00
1.339122176170349121e+00 1.125580787658691406e+01
1.018743515014648438e+01 5.296661376953125000e+00
-1.468788051605224609e+01 -2.165547370910644531e+00
2.160979509353637695e+00 5.080293655395507812e+00
3.874004364013671875e+00 2.740916728973388672e+00
5.917622566223144531e+00 1.294361591339111328e+00
-2.990555763244628906e-01 6.674820899963378906e+00
-1.194318199157714844e+01 1.809819030761718750e+01
1.269247817993164062e+01 -1.153564080595970154e-02
-3.388288259506225586e+00 7.937202930450439453e+00
1.164628624916076660e+00 -3.122894525527954102e+00
1.138684153556823730e+00 -6.282013893127441406e+00
3.940409421920776367e+00 -1.647159576416015625e+01
-8.144356012344360352e-01 -5.866157531738281250e+00
-1.581181716918945312e+01 7.084145545959472656e+00
8.235083580017089844e+00 5.852724075317382812e+00
6.198449730873107910e-01 2.202542304992675781e+00
2.485956192016601562e+00 8.957640647888183594e+00
-2.730278968811035156e-01 -1.315987348556518555e+00
1.292762851715087891e+01 3.149252176284790039e+00
5.853940010070800781e+00 -1.478582000732421875e+01
-1.135934829711914062e+01 -1.630414009094238281e+00
7.977082729339599609e+00 7.774766921997070312e+00
-1.002137565612792969e+01 -4.418703079223632812e+00
-8.703846931457519531e+00 1.065034747123718262e+00
4.791691780090332031e+00 4.917507171630859375e+00
1.548075485229492188e+01 -5.994328498840332031e+00
9.987854003906250000e+00 -1.573115825653076172e+01
5.718860149383544922e+00 -1.929015159606933594e+00
-6.893115520477294922e+00 -4.862173080444335938e+00
1.640493774414062500e+01 -1.206563472747802734e+01
1.140261745452880859e+01 5.665583133697509766e+00
-8.258473396301269531e+00 -6.191396713256835938e+00
2.185432761907577515e-01 -5.771605491638183594e+00
-8.843313217163085938e+00 -1.228518295288085938e+01
1.242048740386962891e+01 -1.230287933349609375e+01
-4.465549945831298828e+00 8.329859733581542969e+00
1.977230072021484375e+01 1.457449913024902344e+00
3.349839448928833008e+00 5.676477432250976562e+00
-7.268712997436523438e+00 -2.463321685791015625e+00
3.002236557006835938e+01 6.256744861602783203e+00
2.933039665222167969e+01 -6.004607677459716797e+00
1.107468414306640625e+01 -8.618239402770996094e+00
-3.951544284820556641e+00 -1.145084762573242188e+01
-2.398982524871826172e+00 -1.685676956176757812e+01
-8.390264511108398438e+00 -1.385604953765869141e+01
5.968056678771972656e+00 1.703366851806640625e+01
-1.396709346771240234e+01 1.475119709968566895e+00
1.688522529602050781e+01 -4.018943309783935547e-01
-1.041949081420898438e+01 -3.254439592361450195e+00
-2.946986198425292969e+00 -9.974500656127929688e+00
7.441153526306152344e+00 8.046219348907470703e-01
-1.194062042236328125e+01 -5.793089389801025391e+00
-3.686483383178710938e+00 5.610414028167724609e+00
-8.245915412902832031e+00 -8.214590072631835938e+00
2.573401927947998047e+00 1.951542496681213379e+00
1.668710899353027344e+01 -1.038430595397949219e+01
-1.623207473754882812e+01 -2.594803810119628906e+00
1.615074920654296875e+01 -1.417448616027832031e+01
-1.448286914825439453e+01 8.558069467544555664e-01
-9.052137374877929688e+00 -9.769812583923339844e+00
6.148276925086975098e-01 4.906319975852966309e-01
-4.981461048126220703e+00 1.366122722625732422e+01
2.864161014556884766e+00 4.590541839599609375e+00
5.073454380035400391e+00 -1.206380081176757812e+01
-4.526160717010498047e+00 -3.440609931945800781e+00
-1.228667259216308594e+01 1.026061916351318359e+01
-6.785019636154174805e-01 6.397990703582763672e+00
-2.120786666870117188e+01 1.452140998840332031e+01
-6.447730064392089844e+00 1.008798694610595703e+01
4.582467377185821533e-01 2.390419197082519531e+01
2.831592559814453125e+00 3.505372524261474609e+00
-4.410855770111083984e+00 2.828582525253295898e+00
1.466575813293457031e+01 1.113974475860595703e+01
-2.043016195297241211e+00 -1.204757499694824219e+01
-4.803303718566894531e+00 -1.545164871215820312e+01
-6.384207725524902344e+00 1.042518377304077148e+00
-2.957747936248779297e+00 7.437050342559814453e+00
-8.686757087707519531e+00 8.539203643798828125e+00
-1.184316062927246094e+01 -7.717954635620117188e+00
7.246463775634765625e+00 -1.589380073547363281e+01
-1.022358536720275879e+00 -1.346469640731811523e+00
2.259815216064453125e+01 -1.084062099456787109e+01
-8.244596481323242188e+00 6.231024742126464844e+00
3.478482723236083984e+00 1.199808692932128906e+01
4.540219783782958984e+00 -5.207281112670898438e+00
2.981006145477294922e+00 -1.894503211975097656e+01
-2.521673011779785156e+01 -9.183967590332031250e+00
9.276782035827636719e+00 -1.476819896697998047e+01
-4.786315441131591797e+00 -1.187529087066650391e+01
-2.860796928405761719e+01 8.550591468811035156e+00
4.071463584899902344e+00 9.094296455383300781e+00
2.374130630493164062e+01 3.712974548339843750e+00
-1.271122360229492188e+01 7.306902885437011719e+00
-3.036810874938964844e+00 7.328817844390869141e-01
-3.075475454330444336e+00 6.949600696563720703e+00
-2.901364326477050781e+00 -1.250955104827880859e+00
-1.909826660156250000e+01 1.041307926177978516e+01
-1.563959836959838867e+00 -6.026619911193847656e+00
8.261586189270019531e+00 2.543572902679443359e+00
-5.176432132720947266e+00 -1.665790939331054688e+01
-1.735259056091308594e+01 -4.923461377620697021e-01
-7.468647956848144531e+00 4.131250858306884766e+00
-6.830588340759277344e+00 1.852209448814392090e+00
-2.459574508666992188e+01 8.689773559570312500e+00
2.225802421569824219e+00 -1.835272026062011719e+01
6.324273109436035156e+00 2.097640514373779297e+00
8.665517807006835938e+00 4.086510181427001953e+00
-5.118794918060302734e+00 -3.709161281585693359e+00
-4.528913497924804688e+00 -7.744402408599853516e+00
1.902481460571289062e+01 -2.094595909118652344e+01
-6.266639709472656250e+00 3.668749332427978516e+00
1.905177950859069824e+00 -1.158836364746093750e+01
-4.135080337524414062e+00 -1.183463478088378906e+01
-4.597924709320068359e+00 -9.320341110229492188e+00
-7.601380348205566406e+00 -8.745023727416992188e+00
-1.101290822029113770e+00 3.998582065105438232e-01
-2.886024713516235352e+00 -5.543737411499023438e+00
-6.113004207611083984e+00 -9.305068016052246094e+00
6.333164691925048828e+00 -9.435158729553222656e+00
2.650613594055175781e+01 1.380515694618225098e+00
1.644480824470520020e+00 -6.486171483993530273e-01
8.343100547790527344e+00 -1.987792730331420898e+00
-1.143791007995605469e+01 -9.623359888792037964e-02
4.258864372968673706e-02 -6.538200378417968750e+00
-3.446558713912963867e-01 -8.624946594238281250e+00
4.955786228179931641e+00 2.675628185272216797e+00
6.948379993438720703e+00 4.671807289123535156e+00
-4.721522331237792969e+00 1.230690860748291016e+01
-3.032355785369873047e+00 1.575280189514160156e+00
-2.788750171661376953e+00 -7.746159553527832031e+00
2.299700546264648438e+01 -4.428090095520019531e+00
7.155623435974121094e+00 -1.080794525146484375e+01
2.311570882797241211e+00 1.610835266113281250e+01
-3.498401880264282227e+00 6.026198863983154297e-01
-9.750547409057617188e+00 -2.041391611099243164e+00
-5.830336093902587891e+00 -1.399450492858886719e+01
8.843125343322753906e+00 1.088503265380859375e+01
5.559575080871582031e+00 9.509799957275390625e+00
-1.597490906715393066e+00 2.121757030487060547e+00
6.591463565826416016e+00 -1.220269775390625000e+01
1.506141281127929688e+01 -2.004071044921875000e+01
1.066838026046752930e+00 -1.391481876373291016e+01
9.179775238037109375e+00 -3.611515760421752930e+00
-6.959829807281494141e+00 -9.292337417602539062e+00
1.444192314147949219e+01 -1.060072064399719238e+00
5.435466289520263672e+00 -1.865808677673339844e+01
1.553149938583374023e+00 -9.837078094482421875e+00
-1.469394493103027344e+01 6.383299827575683594e+00
-4.470083117485046387e-01 -7.916630744934082031e+00
6.273081779479980469e+00 -6.098299026489257812e+00
-1.581607341766357422e+00 -1.573961734771728516e+00
2.392016172409057617e+00 -2.206289768218994141e+00
-4.670751094818115234e+00 1.873305130004882812e+01
2.236684560775756836e-01 -3.090176343917846680e+00
1.916798019409179688e+01 4.734286785125732422e+00
4.121231555938720703e+00 3.600172042846679688e+00
-3.330767393112182617e+00 1.336812591552734375e+01
-3.286463618278503418e-01 -1.436026382446289062e+01
2.854455709457397461e+00 -1.182749748229980469e+01
-1.494772720336914062e+01 1.265855884552001953e+01
3.718437910079956055e+00 -1.188476681709289551e+00
1.470410943031311035e+00 -1.429437446594238281e+01
-1.427045726776123047e+01 7.242074489593505859e+00
-1.350540518760681152e+00 8.016235351562500000e+00
-7.890522003173828125e+00 -2.571802377700805664e+00
-1.399386501312255859e+01 4.247956275939941406e+00
-1.129715591669082642e-01 8.828777313232421875e+00
-5.127369880676269531e+00 2.293597698211669922e+00
-2.383090591430664062e+01 -3.428149700164794922e+00
5.243308544158935547e+00 -2.447346210479736328e+00
-1.604627609252929688e+01 -4.757805347442626953e+00
2.622285842895507812e+00 1.306728267669677734e+01
1.768671798706054688e+01 -1.371409511566162109e+01
-3.918230056762695312e+00 -1.803043746948242188e+01
4.532632350921630859e+00 -7.888950347900390625e+00
-1.162924575805664062e+01 -9.970558166503906250e+00
4.534609794616699219e+00 -1.339539337158203125e+01
1.014683246612548828e+01 1.194849395751953125e+01
-1.255831909179687500e+01 6.628575801849365234e+00
-7.184286594390869141e+00 -1.762404441833496094e+01
3.981718778610229492e+00 -8.243146896362304688e+00
9.880706787109375000e+00 -2.157791614532470703e+00
-9.332276344299316406e+00 6.346673965454101562e+00
-7.804503917694091797e+00 4.414064407348632812e+00
-6.498992919921875000e+00 -7.460221767425537109e+00
-1.595866084098815918e+00 7.549752712249755859e+00
3.441256284713745117e+00 3.698489189147949219e+00
1.167765522003173828e+01 -1.307539367675781250e+01
-5.207321643829345703e+00 1.305551719665527344e+01
1.374726772308349609e+01 2.525144815444946289e+00
2.253900909423828125e+01 -6.733141422271728516e+00
7.595291733741760254e-01 -2.117425948381423950e-01
-5.354985237121582031e+00 -2.703660583496093750e+01
4.554678440093994141e+00 6.815463066101074219e+00
4.217634797096252441e-01 -1.755084228515625000e+01
9.071394920349121094e+00 -1.303629398345947266e+01
-3.073076248168945312e+00 -6.579631567001342773e-01
-8.373443603515625000e+00 3.404472112655639648e+00
1.490106463432312012e+00 7.266989707946777344e+00
-2.366031646728515625e+00 6.459714174270629883e-01
1.388440895080566406e+01 -7.390372276306152344e+00
1.818579101562500000e+01 1.563841724395751953e+01
-3.997252941131591797e+00 8.533905982971191406e+00
7.670464038848876953e+00 3.540392160415649414e+00
1.523463249206542969e+01 -6.515948772430419922e+00
1.695288658142089844e+00 3.317090034484863281e+00
1.431107616424560547e+01 6.294509887695312500e+00
4.463273048400878906e+00 8.838669776916503906e+00
6.138134956359863281e+00 -6.882470250129699707e-01
1.484873867034912109e+01 -6.908280372619628906e+00
-1.397597074508666992e+00 -7.034049034118652344e+00
-6.605463027954101562e+00 -1.842866516113281250e+01
-7.469649314880371094e+00 -1.685136079788208008e+00
6.758623123168945312e+00 1.258212947845458984e+01
9.312157630920410156e+00 -9.069622039794921875e+00
-2.004710197448730469e+00 -1.771643757820129395e-01
-2.468158721923828125e+00 -4.517175197601318359e+00
1.096638488769531250e+01 -1.374759674072265625e+00
5.628309249877929688e+00 1.037524795532226562e+01
-9.694785118103027344e+00 5.747826576232910156e+00
-3.620715141296386719e+00 -7.621927261352539062e+00
6.721437454223632812e+00 2.744957208633422852e-01
8.599141120910644531e+00 -2.001681566238403320e+00
2.130356788635253906e+01 -4.302114963531494141e+00
-9.065114974975585938e+00 -1.365016174316406250e+01
4.169736385345458984e+00 -4.726715564727783203e+00
3.587059736251831055e+00 -5.793001174926757812e+00
-9.002029418945312500e+00 1.061653041839599609e+01
8.846320152282714844e+00 -8.957269191741943359e-01
1.741832494735717773e+00 -4.516728401184082031e+00
-1.766131210327148438e+01 -1.728571701049804688e+01
1.224502563476562500e+00 -6.645950794219970703e+00
4.806869506835937500e+00 -1.676262092590332031e+01
-9.820330619812011719e+00 5.553331851959228516e+00
8.385908126831054688e+00 1.626240730285644531e+00
2.425888299942016602e+00 -4.833306312561035156e+00
2.326934337615966797e-01 1.956187438964843750e+01
9.283334732055664062e+00 1.300061416625976562e+01
8.464755058288574219e+00 -2.213086366653442383e+00
1.830574417114257812e+01 -3.068108797073364258e+00
6.458816051483154297e+00 1.418620204925537109e+01
-5.497966289520263672e+00 -8.229566574096679688e+00
-1.602612495422363281e+00 -1.387386202812194824e+00
4.322345733642578125e+00 -1.418015575408935547e+01
5.279379844665527344e+00 3.583424329757690430e+00
5.612211227416992188e+00 -2.956280231475830078e+00
7.079131126403808594e+00 8.168205261230468750e+00
8.067094802856445312e+00 1.242949867248535156e+01
6.785163402557373047e+00 -1.109815216064453125e+01
1.018316173553466797e+01 3.173784732818603516e+00
5.632783889770507812e+00 -7.652464866638183594e+00
2.607858180999755859e+00 -1.384227752685546875e+00
1.531740188598632812e+01 -5.214504241943359375e+00
4.004253149032592773e-01 -5.554964065551757812e+00
8.867410659790039062e+00 2.920940160751342773e+00
1.049467086791992188e+01 -1.362864685058593750e+01
-1.264546036720275879e+00 -1.498204326629638672e+01
-6.060353279113769531e+00 -8.530012130737304688e+00
-5.057374000549316406e+00 2.928127050399780273e-01
5.569546699523925781e+00 1.930919456481933594e+01
9.316484928131103516e-01 4.395773410797119141e+00
-5.678074359893798828e+00 5.364181995391845703e+00
-2.000473022460937500e+01 1.883766889572143555e+00
-2.555056095123291016e+00 1.045177459716796875e+01
5.005043029785156250e+00 9.164756774902343750e+00
-2.052014923095703125e+01 -5.481403350830078125e+00
-1.372098064422607422e+01 2.592789888381958008e+00
-3.814984798431396484e+00 4.107240676879882812e+00
7.288575649261474609e+00 6.743268013000488281e+00
1.808543968200683594e+01 -8.581245422363281250e+00
7.499828815460205078e+00 8.533227443695068359e-02
-8.515070915222167969e+00 8.264153480529785156e+00
3.686158895492553711e+00 1.112486362457275391e+00
-3.068179130554199219e+00 4.675792694091796875e+00
1.662625503540039062e+01 2.579562425613403320e+00
4.273645877838134766e+00 -2.772130727767944336e+00
2.138293504714965820e+00 2.871362495422363281e+01
1.460539817810058594e+01 1.678040313720703125e+01
-9.935889244079589844e+00 -8.138056755065917969e+00
6.698894500732421875e-01 -4.801107883453369141e+00
-4.758669853210449219e+00 2.089222145080566406e+01
-5.078238964080810547e+00 7.971077442169189453e+00
-6.251522064208984375e+00 2.166860389709472656e+01
1.630556488037109375e+01 -2.169498634338378906e+01
5.288352489471435547e+00 1.506711006164550781e+01
1.828714179992675781e+01 5.668903350830078125e+00
3.956355571746826172e+00 -5.091632843017578125e+00
-7.770649909973144531e+00 4.359480857849121094e+00
-2.673627138137817383e+00 -1.481217765808105469e+01
3.070624828338623047e+00 9.535401344299316406e+00
1.616097927093505859e+00 5.085010528564453125e+00
1.503464508056640625e+01 -5.051249265670776367e-01
1.002352118492126465e+00 1.367600250244140625e+01
-8.442512750625610352e-01 -1.225986242294311523e+00
1.489557743072509766e+01 -1.250045394897460938e+01
4.081463813781738281e+00 -1.068542957305908203e+01
-5.831840038299560547e+00 1.442129135131835938e+01
-6.411637306213378906e+00 -8.599966049194335938e+00
-2.512926816940307617e+00 4.756834506988525391e+00
1.505642056465148926e+00 3.756910800933837891e+00
-5.473505020141601562e+00 -2.606739759445190430e+00
1.557481861114501953e+01 7.501266479492187500e+00
-5.117099761962890625e+00 -1.390264415740966797e+01
1.259631347656250000e+01 5.521261215209960938e+00
8.331645011901855469e+00 -1.298163986206054688e+01
1.201320648193359375e+01 -3.515969753265380859e+00
-6.454539775848388672e+00 4.195250511169433594e+00
8.131519317626953125e+00 -3.548307418823242188e+00
-1.491225337982177734e+01 1.328796744346618652e-01
-4.491569042205810547e+00 2.491902160644531250e+01
6.068853378295898438e+00 8.495073318481445312e+00
6.921693086624145508e-01 1.143897294998168945e+00
4.507813930511474609e+00 -1.351783943176269531e+01
-4.743132293224334717e-01 1.243054008483886719e+01
-1.369673347473144531e+01 -2.911045789718627930e+00
-1.061248207092285156e+01 1.506486034393310547e+01
9.381094932556152344e+00 -1.649237251281738281e+01
1.668654531240463257e-01 -9.284021377563476562e+00
-5.130286216735839844e+00 -9.146775007247924805e-01
5.779289722442626953e+00 -1.475664138793945312e+01
4.044750213623046875e+00 8.973361015319824219e+00
-1.566725826263427734e+01 -1.258173084259033203e+01
-5.895338207483291626e-02 4.681903839111328125e+00
-1.078639388084411621e+00 9.639017105102539062e+00
-3.844385385513305664e+00 1.608163642883300781e+01
-2.026626777648925781e+01 1.284176921844482422e+01
2.237646865844726562e+01 1.420547580718994141e+01
4.976013183593750000e+00 1.758582472801208496e+00
1.017219543457031250e+01 -1.568762302398681641e+01
1.655916976928710938e+01 1.508817791938781738e+00
-1.929058265686035156e+01 8.189081192016601562e+00
2.390196084976196289e+00 3.795709371566772461e+00
-1.157080078125000000e+01 1.022476196289062500e+01
9.809088706970214844e+00 -2.612344026565551758e+00
3.209454774856567383e+00 3.378724575042724609e+00
-1.390749549865722656e+01 -5.022140026092529297e+00
4.001076519489288330e-01 1.473069953918457031e+01
-3.965726852416992188e+00 2.364966201782226562e+01
-9.857241529971361160e-04 -5.298767089843750000e+00
1.368965721130371094e+01 4.954049110412597656e+00
-7.084146499633789062e+00 2.568835735321044922e+00
2.618104743957519531e+01 3.282081127166748047e+00
2.211353111267089844e+01 -3.179328680038452148e+00
-2.678232431411743164e+00 1.426587551832199097e-01
-1.387685871124267578e+01 2.953125953674316406e+00
1.707902336120605469e+01 -9.006995201110839844e+00
5.135707929730415344e-02 1.754558181762695312e+01
-8.909979820251464844e+00 1.054118728637695312e+01
2.398391246795654297e+00 -9.750256538391113281e+00
-4.465573310852050781e+00 -4.011794924736022949e-01
-1.767995476722717285e+00 9.213725090026855469e+00
-1.708905792236328125e+01 -5.966932773590087891e+00
1.253563117980957031e+01 2.577653229236602783e-01
-1.136906266212463379e+00 -1.820094299316406250e+01
9.736009597778320312e+00 2.273688793182373047e+00
1.523143386840820312e+01 7.960763454437255859e+00
4.280247211456298828e+00 -1.038788890838623047e+01
9.437808990478515625e+00 1.551643276214599609e+01
-2.263452529907226562e+00 -8.401453018188476562e+00
-4.372926354408264160e-01 1.701250839233398438e+01
1.979064750671386719e+01 2.131274223327636719e+00
-9.156659126281738281e+00 -1.028145694732666016e+01
-2.820357680320739746e-01 -1.833313465118408203e+00
5.253444314002990723e-01 -1.058174610137939453e+01
-1.176137447357177734e+01 -1.718072319030761719e+01
-1.893396377563476562e+00 1.068293571472167969e+01
-1.103741049766540527e+00 -4.183634757995605469e+00
-1.588460445404052734e+01 3.333997488021850586e+00
-9.033705711364746094e+00 -8.461529731750488281e+00
6.818969726562500000e+00 1.044598484039306641e+01
-6.991667270660400391e+00 7.781583786010742188e+00
-6.016558647155761719e+00 -1.568205070495605469e+01
1.582173347473144531e+01 -6.159065246582031250e+00
-5.314462184906005859e+00 -1.019253349304199219e+01
6.396847248077392578e+00 1.157432675361633301e+00
1.276175594329833984e+01 -2.628184556961059570e+00
-7.892153739929199219e+00 -7.198408126831054688e+00
3.000004053115844727e+00 4.317444801330566406e+00
-1.164884567260742188e+00 6.782167434692382812e+00
-7.454386234283447266e+00 -9.910605430603027344e+00
4.884495258331298828e+00 5.710129737854003906e+00
2.535193443298339844e+00 -1.245815157890319824e+00
-3.867013454437255859e-01 5.408673763275146484e+00
1.257991313934326172e+01 6.340363025665283203e-01
-3.100544929504394531e+00 -5.474384307861328125e+00
-9.798597335815429688e+00 -1.341292476654052734e+01
-1.238616847991943359e+01 -5.471975803375244141e+00
4.174958467483520508e-01 -2.941578626632690430e+00
1.508426517248153687e-01 1.942336559295654297e+00
5.782244682312011719e+00 -4.753905773162841797e+00
1.858143997192382812e+01 -5.582243919372558594e+00
4.453037738800048828e+00 2.223078536987304688e+01
-1.517685890197753906e+00 1.507153415679931641e+01
-1.359763050079345703e+01 -1.550782203674316406e+00
1.373535060882568359e+01 5.917461395263671875e+00
8.418873786926269531e+00 1.157256889343261719e+01
-1.755967330932617188e+01 -8.335265159606933594e+00
1.413425254821777344e+01 -1.168902492523193359e+01
1.482231903076171875e+01 5.555380821228027344e+00
-5.077531814575195312e+00 -1.570338058471679688e+01
-7.159240245819091797e+00 -1.362321376800537109e+01
-8.929501533508300781e+00 2.549750804901123047e+00
-1.071269130706787109e+01 4.266083240509033203e+00
-7.308376312255859375e+00 -1.292678928375244141e+01
-7.231195449829101562e+00 1.075383067131042480e+00
1.080421829223632812e+01 -5.471224784851074219e+00
3.179085254669189453e+00 9.693598747253417969e+00
-1.663924407958984375e+01 -1.142930030822753906e+01
-1.099030876159667969e+01 1.720533847808837891e+00
2.072757244110107422e+00 3.410496234893798828e+00
8.197205543518066406e+00 -5.779218196868896484e+00
-2.642081975936889648e+00 -1.765967941284179688e+01
-9.377934455871582031e+00 1.262037754058837891e+01
4.779634475708007812e+00 3.799555063247680664e+00
-4.455228805541992188e+00 4.701411247253417969e+00
7.955035686492919922e+00 -3.871661424636840820e+00
-7.454292774200439453e+00 -7.834660530090332031e+00
-1.084609031677246094e+01 9.175031661987304688e+00
1.441504096984863281e+01 1.094432640075683594e+01
-1.288812828063964844e+01 1.619604301452636719e+01
-1.482133388519287109e+01 -6.974320411682128906e+00
4.960461616516113281e+00 -9.824275016784667969e+00
-6.390776634216308594e-01 -2.173902750015258789e+00
1.296135139465332031e+01 1.528465747833251953e+01
-1.129459190368652344e+01 -5.654785633087158203e+00
-3.589214801788330078e+00 -2.039918005466461182e-01
-7.487305641174316406e+00 3.009753465652465820e+00
1.842254447937011719e+01 -8.921896934509277344e+00
-3.337083458900451660e-01 -1.091783046722412109e+01
1.539857006072998047e+01 2.201984024047851562e+01
1.048758983612060547e+01 -1.135257148742675781e+01
-5.403664588928222656e+00 -4.020007610321044922e+00
1.094756889343261719e+01 -1.631236839294433594e+01
-1.921414375305175781e+01 9.060567855834960938e+00
1.004830265045166016e+01 1.546593856811523438e+01
1.552953815460205078e+01 -1.507089519500732422e+01
-5.110788822174072266e+00 -3.371503114700317383e+00
1.127307033538818359e+01 -1.971942520141601562e+01
1.096886634826660156e+00 1.894184015691280365e-02
-1.279139995574951172e+01 1.060047245025634766e+01
9.120599746704101562e+00 -7.719226360321044922e+00
1.251186180114746094e+01 1.205861568450927734e+01
-9.330994606018066406e+00 -9.254775047302246094e+00
-5.216255187988281250e+00 7.779500484466552734e+00
8.182329177856445312e+00 -5.039131641387939453e+00
-2.247963428497314453e+00 1.419174766540527344e+01
-2.831615924835205078e+00 1.839937973022460938e+01
-1.421449089050292969e+01 -1.476377844810485840e+00
7.619745135307312012e-01 -7.479948520660400391e+00
-5.872802734375000000e+00 -1.950639915466308594e+01
-1.325158214569091797e+01 1.006034660339355469e+01
-2.007446050643920898e+00 1.685170173645019531e+01
5.401479721069335938e+00 -1.244333267211914062e+00
2.289401531219482422e+00 8.005064725875854492e-01
1.092273712158203125e+01 6.871397972106933594e+00
1.685177803039550781e+01 -1.554780197143554688e+01
-2.023170292377471924e-01 1.088437080383300781e+01
7.554717540740966797e+00 -1.163931274414062500e+01
-2.195053339004516602e+00 1.034091567993164062e+01
1.137930488586425781e+01 1.883463710546493530e-01
-8.203816413879394531e-01 -1.219199180603027344e+01
1.394804096221923828e+01 -8.355974555015563965e-01
1.722311019897460938e+01 5.761745452880859375e+00
6.934063434600830078e+00 3.947851181030273438e+00
