-2.773574638366699219e+01 4.471807926893234253e-02
-4.141579627990722656e+00 3.018564939498901367e+00
1.902770614624023438e+01 4.184617519378662109e+00
6.384481430053710938e+00 -3.013914108276367188e+00
2.779763936996459961e+00 7.140264034271240234e+00
6.666129827499389648e-01 2.320579528808593750e+00
9.104982376098632812e+00 -3.388977348804473877e-01
-1.205501747131347656e+01 4.494563579559326172e+00
-1.019114589691162109e+01 7.219016551971435547e+00
4.298451423645019531e+00 8.684608459472656250e+00
1.300485801696777344e+01 5.695791244506835938e+00
3.128950357437133789e+00 -7.388021469116210938e+00
-1.544333839416503906e+01 1.023144245147705078e+01
-1.019606018066406250e+01 9.654481887817382812e+00
-1.193134403228759766e+01 3.002879381179809570e+00
-1.670252084732055664e+00 -1.156778240203857422e+01
1.027287673950195312e+01 -3.263210296630859375e+00
-5.125425457954406738e-01 1.234270668029785156e+01
1.189921760559082031e+01 -1.205593204498291016e+01
-1.410029530525207520e+00 -5.394347190856933594e+00
5.134956359863281250e+00 1.549537277221679688e+01
-9.557968139648437500e+00 -1.315124511718750000e+00
-2.026558303833007812e+01 -1.969573783874511719e+01
9.602618217468261719e+00 1.115940952301025391e+01
7.076457977294921875e+00 -1.600859069824218750e+01
-3.130389690399169922e+00 -5.491693496704101562e+00
3.120581433176994324e-02 -1.767620086669921875e+01
1.138381361961364746e+00 1.205576896667480469e+01
1.083679050207138062e-01 1.970998382568359375e+01
-4.222282886505126953e+00 -5.574899673461914062e+00
-2.712106227874755859e+00 1.526067733764648438e+01
9.805437177419662476e-03 1.972646331787109375e+01
-1.041303157806396484e+01 7.214532375335693359e+00
2.148383331298828125e+01 3.969026088714599609e+00
-8.898509979248046875e+00 5.106266021728515625e+00
9.950187683105468750e+00 -1.021468067169189453e+01
9.394379615783691406e+00 7.455672740936279297e+00
3.919152736663818359e+00 2.642623901367187500e+00
-1.350685596466064453e+01 -1.911436653137207031e+01
2.058590888977050781e+00 2.991892099380493164e+00
9.917291641235351562e+00 -5.579742431640625000e+00
1.132263183593750000e+01 -2.620701789855957031e+00
-1.093468570709228516e+01 -6.795667577534914017e-03
7.730169296264648438e+00 -8.350533485412597656e+00
-2.434689283370971680e+00 2.216332244873046875e+01
-6.041250705718994141e+00 1.586920642852783203e+01
-9.722335815429687500e+00 -1.226194053888320923e-01
-6.746423721313476562e+00 -4.364558219909667969e+00
5.830960750579833984e+00 -1.577604389190673828e+01
-5.714202880859375000e+00 2.557790756225585938e+01
-3.572047352790832520e-01 -6.531454086303710938e+00
1.132177734375000000e+01 -1.051863574981689453e+01
7.990427970886230469e+00 1.955772209167480469e+01
-1.966001868247985840e+00 -5.888699531555175781e+00
2.434239387512207031e+01 4.159421443939208984e+00
-5.908899784088134766e+00 -5.560864448547363281e+00
-6.772756099700927734e+00 1.335087394714355469e+01
7.720062732696533203e+00 -1.242998695373535156e+01
9.199607849121093750e+00 2.088124275207519531e+01
1.293520927429199219e+01 4.875567436218261719e+00
-1.275375175476074219e+01 -1.290265274047851562e+01
1.602304840087890625e+01 1.575728416442871094e+01
-1.026542568206787109e+01 4.753365993499755859e+00
1.481278800964355469e+01 -1.383645248413085938e+01
-6.111934185028076172e+00 -1.363407993316650391e+01
-1.086074733734130859e+01 -9.754182815551757812e+00
-1.143201637268066406e+01 6.894557952880859375e+00
8.047049522399902344e+00 -2.604573726654052734e+00
5.242227554321289062e+00 3.701462507247924805e+00
-1.671352624893188477e+00 -1.707880210876464844e+01
-1.382337188720703125e+01 1.543789386749267578e+01
3.793883025646209717e-01 -9.725730895996093750e+00
-1.373426055908203125e+01 -2.169420242309570312e+00
9.416376113891601562e+00 1.367624282836914062e+00
-1.427055358886718750e+01 -1.650477409362792969e+00
-1.317659473419189453e+01 -8.992052078247070312e+00
-6.271523952484130859e+00 4.911970615386962891e+00
-5.783822059631347656e+00 -3.765307664871215820e+00
4.810369014739990234e+00 -1.514110469818115234e+01
5.055557250976562500e+00 -7.864871978759765625e+00
-9.233749389648437500e+00 4.565253734588623047e+00
9.527906417846679688e+00 -1.388258361816406250e+01
-2.713636159896850586e+00 -1.250660514831542969e+01
3.609298229217529297e+00 1.218042945861816406e+01
4.675107955932617188e+00 -1.360239028930664062e+01
-4.386517524719238281e+00 3.261252403259277344e+00
-4.538515567779541016e+00 2.272598028182983398e+00
1.173758316040039062e+01 -1.408059597015380859e+01
-4.115124344825744629e-01 1.787476539611816406e+00
5.753399848937988281e+00 -9.024340629577636719e+00
-9.969238281250000000e+00 2.064800262451171875e+01
1.194853687286376953e+01 3.870663166046142578e+00
4.253255367279052734e+00 6.499457359313964844e+00
9.854384422302246094e+00 -1.193070507049560547e+01
-2.342591762542724609e+00 2.173533678054809570e+00
5.294780731201171875e-01 6.731654167175292969e+00
-7.057028293609619141e+00 -5.560604095458984375e+00
9.568789482116699219e+00 1.199084472656250000e+01
-2.201551675796508789e+00 -1.954618215560913086e+00
9.215527534484863281e+00 -4.112149238586425781e+00
-3.562019348144531250e+00 -9.031135559082031250e+00
-5.401283264160156250e+00 1.943035888671875000e+01
1.546493053436279297e+01 2.182575035095214844e+01
-1.271732330322265625e+01 5.133726119995117188e+00
6.175894260406494141e+00 -1.267495632171630859e+00
1.925793457031250000e+01 -2.637277126312255859e+00
1.795944976806640625e+01 9.528028488159179688e+00
-9.230926513671875000e+00 -7.056057929992675781e+00
4.014508128166198730e-01 4.501002788543701172e+00
1.748661804199218750e+01 4.142107009887695312e+00
9.522714614868164062e+00 -5.882243156433105469e+00
-6.690306663513183594e-01 -3.185901165008544922e+00
-9.710313796997070312e+00 3.236140966415405273e+00
7.037025451660156250e+00 4.229809761047363281e+00
1.106643772125244141e+01 -3.370465993881225586e+00
1.943560981750488281e+01 -5.107981681823730469e+00
-5.584634780883789062e+00 -8.766748428344726562e+00
1.458842468261718750e+01 6.842205524444580078e+00
1.168305969238281250e+01 -4.205103397369384766e+00
1.939572906494140625e+01 2.110454082489013672e+00
-1.356892585754394531e+01 -1.496441745758056641e+01
9.396974563598632812e+00 -5.511748313903808594e+00
-1.013327789306640625e+01 -4.607534885406494141e+00
1.345611667633056641e+01 6.805926322937011719e+00
-9.990102052688598633e-01 5.833956718444824219e+00
-9.265800476074218750e+00 9.778165817260742188e+00
1.711322593688964844e+01 -1.008535289764404297e+01
1.495492553710937500e+01 -1.983913421630859375e+00
1.100996017456054688e+01 -1.321350860595703125e+01
1.727862805128097534e-01 -6.901034355163574219e+00
-2.822226524353027344e+00 -1.707595705986022949e+00
1.503486824035644531e+01 4.091321945190429688e+00
1.019241523742675781e+01 2.591654205322265625e+01
2.065299224853515625e+01 2.107332992553710938e+01
4.669298648834228516e+00 2.951372861862182617e+00
3.209634780883789062e+00 3.652426004409790039e+00
-3.482299089431762695e+00 1.702703094482421875e+01
-6.572878837585449219e+00 2.351108551025390625e+00
-1.471895599365234375e+01 4.080219268798828125e+00
-7.131861686706542969e+00 6.065399646759033203e+00
-1.616501235961914062e+01 6.919703483581542969e+00
-2.723721504211425781e+00 -9.486968994140625000e+00
8.390780448913574219e+00 6.222546100616455078e+00
-3.153818130493164062e+00 4.609340190887451172e+00
9.253275871276855469e+00 -8.525961875915527344e+00
1.039091300964355469e+01 -3.155000495910644531e+01
6.643289566040039062e+00 1.130773639678955078e+01
-1.348106145858764648e+00 -1.226905465126037598e+00
1.137824153900146484e+01 6.463497161865234375e+00
8.954589962959289551e-01 -1.656173896789550781e+01
3.268639564514160156e+00 -3.305632114410400391e+00
6.961886882781982422e+00 3.025578260421752930e+00
-1.666458892822265625e+01 5.780713081359863281e+00
7.325149178504943848e-01 1.695405006408691406e+00
-4.999893188476562500e+00 -1.411660766601562500e+01
-3.853358745574951172e+00 1.805831789970397949e+00
2.959015667438507080e-01 1.359803104400634766e+01
1.237012672424316406e+01 1.180490875244140625e+01
5.540685653686523438e+00 -2.028065109252929688e+01
1.680292701721191406e+01 -4.634252071380615234e+00
1.071156311035156250e+01 -7.762800216674804688e+00
-7.484226226806640625e+00 8.097237586975097656e+00
9.887734413146972656e+00 -2.279057264328002930e+00
-2.343830108642578125e+01 -4.795814037322998047e+00
6.506071567535400391e+00 5.575811386108398438e+00
-1.087282943725585938e+01 5.811235904693603516e+00
-4.662895679473876953e+00 1.398907184600830078e+01
1.284406185150146484e+00 -1.196604728698730469e+00
9.394246935844421387e-01 2.755637168884277344e+01
-8.189991950988769531e+00 9.225994110107421875e+00
3.196489810943603516e+00 -9.919528007507324219e+00
-1.079110717773437500e+01 -4.898686408996582031e+00
1.669167327880859375e+01 4.450319766998291016e+00
8.905261993408203125e+00 -3.379503726959228516e+00
-1.795624923706054688e+01 -1.429092645645141602e+00
-5.027165412902832031e+00 1.072056198120117188e+01
-1.163910484313964844e+01 1.822784423828125000e+01
2.989407062530517578e+00 -8.723138809204101562e+00
1.080770397186279297e+01 -1.871131134033203125e+01
-1.227517318725585938e+01 -2.391069531440734863e-01
-2.031751155853271484e+00 8.497158050537109375e+00
1.179126834869384766e+01 -9.198477745056152344e+00
6.041746616363525391e+00 1.748079490661621094e+01
1.414602279663085938e+00 8.858115673065185547e-01
-1.251361489295959473e+00 1.241137504577636719e+01
-8.852760314941406250e+00 1.247062683105468750e+01
2.779603242874145508e+00 3.275130271911621094e+00
8.367677688598632812e+00 -1.166333794593811035e+00
2.194709968566894531e+01 1.572369575500488281e+01
-1.953536415100097656e+01 -1.169102096557617188e+01
-6.725323677062988281e+00 1.805096626281738281e+00
3.482817411422729492e+00 -1.897143745422363281e+01
3.316774368286132812e+00 1.354392147064208984e+01
-2.025239944458007812e+01 8.929034233093261719e+00
3.107133150100708008e+00 -1.297919654846191406e+01
-1.991372680664062500e+01 1.353979492187500000e+01
-2.047084808349609375e+00 -6.590095520019531250e+00
1.283941268920898438e+00 -7.413014411926269531e+00
-2.119831466674804688e+01 1.265210628509521484e+01
1.100445938110351562e+01 -5.587508201599121094e+00
-5.354701995849609375e+00 1.174510574340820312e+01
1.901535797119140625e+01 5.356864452362060547e+00
-2.074997186660766602e+00 -1.956558036804199219e+01
3.712570428848266602e+00 -2.004428672790527344e+01
1.050537228584289551e+00 2.094615936279296875e+00
7.740374565124511719e+00 -7.253775596618652344e-01
-4.058908820152282715e-01 2.594185352325439453e+00
-7.710918426513671875e+00 -1.071373081207275391e+01
5.046190738677978516e+00 9.862020492553710938e+00
-2.852321147918701172e+00 -1.765430927276611328e+00
5.242402076721191406e+00 4.787008464336395264e-01
-5.773947238922119141e+00 3.157780170440673828e+00
2.488474273681640625e+01 -6.641711235046386719e+00
5.252398490905761719e+00 7.235321998596191406e+00
-1.751844024658203125e+01 -2.036254501342773438e+01
6.623316287994384766e+00 -1.718592071533203125e+01
6.749421119689941406e+00 9.256790161132812500e+00
2.030716896057128906e+01 -6.636476516723632812e+00
-4.392108440399169922e+00 1.177256774902343750e+01
-2.536688745021820068e-01 -1.089495086669921875e+01
1.236054801940917969e+01 4.507748782634735107e-01
-5.167101621627807617e-01 1.343436717987060547e+01
-5.272141456604003906e+00 1.447866630554199219e+01
1.792562294006347656e+01 6.442861557006835938e+00
-6.026135444641113281e+00 -1.316451930999755859e+01
1.700986504554748535e+00 -8.339453697204589844e+00
-7.729461669921875000e+00 -7.110762119293212891e+00
3.627431631088256836e+00 3.766279220581054688e+00
8.803290367126464844e+00 1.523136520385742188e+01
-8.515540122985839844e+00 3.650876283645629883e+00
9.283340454101562500e+00 -7.447293996810913086e-01
-1.097119426727294922e+01 -1.136342525482177734e+01
-2.390689849853515625e+01 1.117184257507324219e+01
-8.708557128906250000e+00 -4.748855113983154297e+00
-1.393885707855224609e+01 1.535097503662109375e+01
1.761012649536132812e+01 -4.862199425697326660e-01
-1.840648770332336426e+00 1.592355346679687500e+01
-7.983052253723144531e+00 -2.179145336151123047e+00
-2.081700801849365234e+00 -1.043465256690979004e+00
3.229811429977416992e+00 5.186256170272827148e-01
-1.751669049263000488e+00 1.716828918457031250e+01
8.810571670532226562e+00 -1.705335807800292969e+01
1.751246452331542969e+01 -7.319672107696533203e+00
-1.736930465698242188e+01 1.460291671752929688e+01
-2.535442113876342773e+00 6.567542076110839844e+00
-9.985340237617492676e-01 1.605075645446777344e+01
-4.383115291595458984e+00 1.112846565246582031e+01
1.963525962829589844e+01 -1.842078685760498047e+00
-2.078885269165039062e+01 6.315576553344726562e+00
-5.000283241271972656e+00 -7.780461311340332031e+00
-7.339540123939514160e-01 -7.278056621551513672e+00
1.687922096252441406e+01 1.263973617553710938e+01
3.662872076034545898e+00 -2.201348066329956055e+00
3.097448825836181641e+00 1.164269447326660156e+01
2.643671274185180664e+00 -1.321473217010498047e+01
9.450827598571777344e+00 -9.735852241516113281e+00
5.718595981597900391e+00 -1.204819488525390625e+01
1.762213706970214844e+01 1.756645011901855469e+01
8.838933944702148438e+00 1.085680603981018066e+00
1.898447799682617188e+01 -6.071936607360839844e+00
-1.825339794158935547e+00 -1.996512031555175781e+01
6.663184642791748047e+00 4.600471258163452148e-01
-2.641510009765625000e+00 1.596001684665679932e-01
1.954467892646789551e+00 -7.169325351715087891e+00
-1.110459899902343750e+01 6.640108108520507812e+00
-7.221715927124023438e+00 1.077100944519042969e+01
1.414859294891357422e+00 1.279177665710449219e+00
-7.193924903869628906e+00 -5.271195411682128906e+00
-4.911181449890136719e+00 1.319325447082519531e+01
5.085290908813476562e+00 -8.123126983642578125e+00
-9.719162940979003906e+00 7.140394210815429688e+00
1.589022541046142578e+01 3.617658615112304688e+00
2.467243522405624390e-01 4.987023353576660156e+00
-6.826753139495849609e+00 -1.568482780456542969e+01
7.730753421783447266e+00 -1.119482135772705078e+01
6.210360527038574219e+00 -6.200259208679199219e+00
1.734749317169189453e+00 2.669291257858276367e+00
-8.838098526000976562e+00 1.109399223327636719e+01
-2.104422807693481445e+00 -6.069492816925048828e+00
-7.406514167785644531e+00 1.356140041351318359e+01
-4.102373600006103516e+00 1.544178199768066406e+01
2.536711931228637695e+00 1.030007743835449219e+01
8.418702125549316406e+00 -7.917767524719238281e+00
1.645520973205566406e+01 -1.474427127838134766e+01
-5.957474231719970703e+00 2.541640281677246094e+00
-1.290843009948730469e+00 -2.079876708984375000e+01
-9.012855529785156250e+00 4.183833599090576172e+00
-9.892294883728027344e+00 2.678737878799438477e+00
-1.569344520568847656e+01 1.162060737609863281e+01
-4.531723022460937500e+00 2.067667007446289062e+00
-7.527546405792236328e+00 -7.463493824005126953e+00
6.977032661437988281e+00 7.059845447540283203e+00
-8.889044761657714844e+00 -7.523304820060729980e-01
-1.200895309448242188e+01 1.592080879211425781e+01
7.708020210266113281e+00 1.393238544464111328e+01
5.571707725524902344e+00 -1.304966926574707031e+01
8.901957422494888306e-02 -2.573897600173950195e+00
-9.280709922313690186e-02 1.416642665863037109e+01
-1.491173934936523438e+01 -3.770140171051025391e+00
-7.843450546264648438e+00 4.248589992523193359e+00
-2.135874938964843750e+01 1.013184165954589844e+01
1.518107891082763672e+01 -2.559849977493286133e+00
-2.316970348358154297e+00 1.860095405578613281e+01
-2.242140531539916992e+00 -5.751008510589599609e+00
7.641909599304199219e+00 7.516608715057373047e+00
-1.545988559722900391e+01 -1.198568642139434814e-01
1.122541785240173340e+00 1.296999073028564453e+01
1.820394992828369141e+00 4.778024673461914062e+00
4.084528923034667969e+00 1.198821306228637695e+00
-1.920557403564453125e+01 7.233058214187622070e-01
-7.038353919982910156e+00 -1.619915390014648438e+01
-1.609473943710327148e+00 -1.313364028930664062e+01
-3.280053138732910156e+00 -1.633974909782409668e+00
-6.957049369812011719e+00 9.044661521911621094e+00
7.347423553466796875e+00 -1.900755882263183594e+01
-7.090353012084960938e+00 -5.087996006011962891e+00
-1.829857063293457031e+01 -1.739002585411071777e+00
1.199229621887207031e+01 -7.203887939453125000e+00
-1.785526466369628906e+01 3.658599853515625000e+00
4.949617385864257812e-01 -6.928117275238037109e+00
-6.879211425781250000e+00 4.110130310058593750e+00
-1.088121604919433594e+01 1.841902923583984375e+01
-1.224633312225341797e+01 -5.853876471519470215e-01
5.179582595825195312e+00 -2.172855734825134277e-01
-1.113648414611816406e+01 -7.201347827911376953e+00
1.564140224456787109e+01 5.632814884185791016e+00
-1.653766632080078125e+00 -8.420313835144042969e+00
8.515330314636230469e+00 -1.102976703643798828e+01
-8.275695800781250000e+00 -2.560679435729980469e+00
-7.240890979766845703e+00 4.646355628967285156e+00
-3.955578207969665527e-01 6.597330570220947266e+00
-5.221168518066406250e+00 2.311036872863769531e+01
-6.491107463836669922e+00 1.074765110015869141e+01
1.851171016693115234e+00 -1.279444599151611328e+01
-4.686818599700927734e+00 -1.756193041801452637e+00
1.698193359375000000e+01 1.483507919311523438e+01
-7.230127334594726562e+00 -4.564853012561798096e-01
9.267891645431518555e-01 -1.741014480590820312e+00
-1.495244264602661133e+00 -7.732198238372802734e+00
7.041296482086181641e+00 -1.308356380462646484e+01
-4.617583274841308594e+00 -5.153221607208251953e+00
-2.823394298553466797e+00 4.970456600189208984e+00
5.239536285400390625e+00 -9.427794456481933594e+00
1.091375923156738281e+01 5.283275604248046875e+00
1.368022155761718750e+01 -1.262318038940429688e+01
1.771001625061035156e+01 -3.712232589721679688e+00
4.543210506439208984e+00 -7.312453269958496094e+00
-1.774275588989257812e+01 6.347157955169677734e-01
-3.267491340637207031e+00 -6.035430431365966797e+00
-1.106456375122070312e+01 1.729881525039672852e+00
-6.014340519905090332e-01 3.240655422210693359e+00
1.412966823577880859e+01 -9.055243492126464844e+00
1.516223335266113281e+01 -9.476192474365234375e+00
5.733000755310058594e+00 2.468678951263427734e+00
3.766418933868408203e+00 5.551059246063232422e-01
9.318185806274414062e+00 6.280285835266113281e+00
2.627868652343750000e-01 -3.420487403869628906e+00
8.343026161193847656e+00 -2.876893281936645508e+00
1.546599626541137695e+00 -1.279335170984268188e-01
-9.408589363098144531e+00 6.482147216796875000e+00
3.976997852325439453e+00 1.599246788024902344e+01
7.272758483886718750e+00 4.108413696289062500e+00
-5.508073806762695312e+00 7.885098457336425781e+00
6.694592952728271484e+00 -2.135210227966308594e+01
1.030643558502197266e+01 2.711259841918945312e+00
4.876731395721435547e+00 -7.829649925231933594e+00
-1.302803611755371094e+01 5.833397388458251953e+00
-9.789847373962402344e+00 -3.105155467987060547e+00
-1.532829880714416504e+00 -2.856361627578735352e+00
-1.001453995704650879e-01 2.981952667236328125e+00
6.068212389945983887e-01 2.857601165771484375e+00
9.489875793457031250e+00 1.879062080383300781e+01
2.330783081054687500e+01 1.264433860778808594e+00
-5.615068435668945312e+00 -7.047762870788574219e+00
-4.971302032470703125e+00 -1.916152119636535645e+00
-1.356831073760986328e+01 -1.733127593994140625e+00
-8.490802049636840820e-01 1.880035018920898438e+01
-5.828809261322021484e+00 -8.807938575744628906e+00
-1.666437530517578125e+01 -1.192273616790771484e+00
1.131335377693176270e+00 -5.985808849334716797e+00
-1.470019912719726562e+01 3.336969375610351562e+00
-6.730990409851074219e+00 2.008085441589355469e+01
-2.928491115570068359e+00 2.971117734909057617e+00
-1.347483062744140625e+01 -2.561481952667236328e+00
-8.191440582275390625e+00 -4.706276893615722656e+00
-9.579248428344726562e+00 -4.785431861877441406e+00
4.690726280212402344e+00 8.132088929414749146e-02
-4.238795757293701172e+00 -1.014386296272277832e+00
1.985487461090087891e+00 5.269168615341186523e-01
-6.111840009689331055e-01 3.265482425689697266e+00
3.527619361877441406e+00 4.391685009002685547e+00
-8.234006881713867188e+00 3.180697441101074219e+00
-1.783734512329101562e+01 7.166428089141845703e+00
2.473041772842407227e+00 -7.929379463195800781e+00
9.812063574790954590e-01 6.114343643188476562e+00
9.224289059638977051e-01 1.361830234527587891e+00
-2.833068370819091797e+00 -1.061013793945312500e+01
4.860246658325195312e+00 9.125590920448303223e-01
5.916801452636718750e+00 -7.154880523681640625e+00
-4.880374908447265625e+00 2.695210933685302734e+00
-7.695569038391113281e+00 -1.374192047119140625e+01
-4.329943180084228516e+00 -1.595533466339111328e+01
7.325818538665771484e+00 -7.092000961303710938e+00
-3.989507198333740234e+00 1.358741855621337891e+01
-1.135324001312255859e+01 1.066600608825683594e+01
1.516988372802734375e+01 1.437523365020751953e+01
-8.181262612342834473e-01 8.115953803062438965e-01
1.594376802444458008e+00 6.291652202606201172e+00
3.559255361557006836e+00 -2.301070213317871094e+01
4.431011199951171875e+00 5.494431972503662109e+00
-6.983955383300781250e+00 -1.363525009155273438e+01
-1.697622060775756836e+00 5.502145767211914062e+00
-1.507214546203613281e+01 -2.087917566299438477e+00
8.714569091796875000e+00 -5.175766468048095703e+00
1.008915138244628906e+01 -9.789204597473144531e-01
8.413123130798339844e+00 -1.771910667419433594e+01
-4.772054672241210938e+00 3.643573760986328125e+00
1.165341854095458984e+01 1.332885169982910156e+01
2.886004447937011719e+00 4.339818000793457031e+00
6.147266387939453125e+00 7.086248397827148438e+00
-1.072281837463378906e+00 3.561581373214721680e+00
7.323424816131591797e+00 4.078985214233398438e+00
-1.453729248046875000e+01 -7.257165908813476562e+00
-1.066814517974853516e+01 1.200993537902832031e+01
-1.161237335205078125e+01 2.287855625152587891e+00
2.793412446975708008e+00 -1.383095836639404297e+01
1.503596878051757812e+01 -1.220978379249572754e+00
9.365160942077636719e+00 6.588056564331054688e+00
4.628319263458251953e+00 7.790663719177246094e+00
-5.050222396850585938e+00 2.805320978164672852e+00
-1.088750839233398438e+01 2.703638553619384766e+00
1.326388263702392578e+01 -6.901392459869384766e+00
7.913691520690917969e+00 3.660085439682006836e+00
-3.653338623046875000e+01 -3.623521924018859863e-01
-1.438535308837890625e+01 1.414010810852050781e+01
-1.452056121826171875e+01 5.632004141807556152e-02
5.641174316406250000e+00 1.505435943603515625e+01
1.674865341186523438e+01 4.935690402984619141e+00
7.091819047927856445e-01 -9.393350601196289062e+00
-6.745291709899902344e+00 -9.888380050659179688e+00
-2.251389503479003906e+00 -2.850396037101745605e-01
-1.309289836883544922e+01 1.856535339355468750e+01
-1.621438789367675781e+01 8.026421546936035156e+00
-1.151991748809814453e+01 1.676697611808776855e+00
4.646691799163818359e+00 7.121580123901367188e+00
-3.642571926116943359e+00 1.893998861312866211e+00
-6.344991207122802734e+00 -1.759596443176269531e+01
-2.334780120849609375e+01 7.025878906250000000e+00
1.639580845832824707e+00 -3.944729804992675781e+00
2.793614387512207031e+00 1.497326493263244629e-01
1.527008533477783203e+01 2.611257791519165039e+00
-1.225723743438720703e+01 7.916903972625732422e+00
-1.632235717773437500e+01 -1.672591018676757812e+01
6.828763484954833984e+00 8.846846222877502441e-01
-2.497768878936767578e+00 -4.925673902034759521e-01
2.208083152770996094e+00 -4.796644687652587891e+00
1.646947145462036133e+00 6.977911472320556641e+00
8.186779975891113281e+00 2.173568010330200195e+00
1.532823753356933594e+01 1.143143463134765625e+01
-9.720788002014160156e+00 -2.622930765151977539e+00
-9.671312332153320312e+00 -2.055081605911254883e+00
-1.829909563064575195e+00 2.438024759292602539e+00
3.309752702713012695e+00 1.338998794555664062e+01
2.081063461303710938e+01 -1.848865318298339844e+01
1.361309146881103516e+01 -2.055586242675781250e+01
-2.668705224990844727e+00 7.499334335327148438e+00
-3.375664949417114258e+00 -4.697675228118896484e+00
1.547076416015625000e+01 1.567900085449218750e+01
4.793713569641113281e+00 -4.896996498107910156e+00
-6.921131610870361328e+00 -7.529134750366210938e+00
6.974308967590332031e+00 -7.138488769531250000e+00
-2.321492195129394531e+01 -8.170949935913085938e+00
1.133678627014160156e+01 -1.090111255645751953e+01
-6.507352828979492188e+00 4.770254135131835938e+00
-2.812809705734252930e+00 3.131918430328369141e+00
-1.313827514648437500e+01 -1.472209358215332031e+01
2.796371221542358398e+00 3.869266271591186523e+00
5.903162479400634766e+00 -9.816763877868652344e+00
7.837240219116210938e+00 3.656263351440429688e+00
5.168216228485107422e+00 -3.749344110488891602e+00
1.262489318847656250e+01 9.890310287475585938e+00
2.683086633682250977e+00 1.267018699645996094e+01
2.684484958648681641e+00 6.448446273803710938e+00
1.066158390045166016e+01 1.362273406982421875e+01
2.067899465560913086e+00 -4.139249801635742188e+00
8.646479249000549316e-01 -4.021818637847900391e+00
-8.469319343566894531e+00 1.203256511688232422e+01
-1.272237682342529297e+01 8.909525871276855469e+00
3.434149265289306641e+00 -1.950069546699523926e+00
-5.239446640014648438e+00 -1.862724494934082031e+01
-9.198578834533691406e+00 1.055674362182617188e+01
3.220582604408264160e-01 -1.376781654357910156e+01
-9.243060111999511719e+00 -1.889234924316406250e+01
-1.046336936950683594e+01 -4.427489757537841797e+00
1.473750209808349609e+01 1.001091098785400391e+01
-1.536739253997802734e+01 2.090420484542846680e+00
4.693806171417236328e+00 -2.198633670806884766e+00
1.194649696350097656e+01 -4.640540599822998047e+00
-5.696614265441894531e+00 -4.482892990112304688e+00
-5.610760688781738281e+00 9.535390853881835938e+00
4.637637615203857422e+00 6.626817703247070312e+00
-6.483195304870605469e+00 1.340369224548339844e+01
-1.062427282333374023e+00 5.023322105407714844e-01
-7.730319023132324219e+00 1.890327835083007812e+01
-1.922138404846191406e+01 8.987167358398437500e+00
1.041765928268432617e+00 -1.307738876342773438e+01
6.598567485809326172e+00 4.827751159667968750e+00
-1.003992271423339844e+01 1.968920898437500000e+01
8.703008651733398438e+00 -9.439573287963867188e+00
-5.096108913421630859e+00 3.078069686889648438e+00
-1.221939468383789062e+01 -2.312660408020019531e+01
3.984158039093017578e+00 -8.988844871520996094e+00
-4.548551082611083984e+00 -8.466541290283203125e+00
2.982432365417480469e+00 1.320681953430175781e+01
1.160836410522460938e+01 -1.592407464981079102e+00
1.910509300231933594e+01 -2.002502441406250000e+00
1.789913558959960938e+01 -3.428606986999511719e+00
2.966633033752441406e+01 6.593515396118164062e+00
3.216021060943603516e+00 6.724814891815185547e+00
-2.195206284523010254e-01 1.143279075622558594e+01
-6.085280418395996094e+00 -8.287052154541015625e+00
-3.554699420928955078e+00 6.357841491699218750e+00
-8.046979904174804688e+00 -2.440267753601074219e+01
2.347227287292480469e+01 5.866151332855224609e+00
-2.489226913452148438e+01 4.416121482849121094e+00
-1.079496502876281738e+00 2.179463577270507812e+01
-2.680304288864135742e+00 -2.378394699096679688e+01
8.828638076782226562e+00 -4.316286742687225342e-01
-1.038533926010131836e+00 5.961786508560180664e-01
1.125686168670654297e+01 -4.578407764434814453e+00
-9.961553573608398438e+00 9.238645553588867188e+00
9.148159980773925781e+00 6.558928012847900391e+00
3.378737926483154297e+00 -3.889704227447509766e+00
7.163839817047119141e+00 1.778751611709594727e+00
-1.130880451202392578e+01 -1.115158176422119141e+01
5.021620273590087891e+00 -8.289126396179199219e+00
7.680665016174316406e+00 -6.614428043365478516e+00
-1.510851383209228516e+01 5.757775306701660156e+00
-7.438644886016845703e+00 1.968643665313720703e+00
8.415760040283203125e+00 -9.403601646423339844e+00
-7.339836120605468750e+00 -3.356995582580566406e+00
-7.804653644561767578e+00 5.440034866333007812e+00
-5.179533481597900391e+00 -1.747158432006835938e+01
-1.379541969299316406e+01 6.681258201599121094e+00
4.269393920898437500e+00 1.032599639892578125e+01
-7.213045120239257812e+00 1.938596010208129883e+00
8.896981239318847656e+00 -5.371590614318847656e+00
1.246167087554931641e+01 1.510505199432373047e+01
8.463927268981933594e+00 1.544304370880126953e+01
-9.988381385803222656e+00 1.419724369049072266e+01
8.899714469909667969e+00 6.791487932205200195e-01
-3.483575582504272461e+00 2.391566514968872070e+00
-8.287360191345214844e+00 1.501490497589111328e+01
2.497636079788208008e+00 6.490242958068847656e+00
-1.076991438865661621e+00 4.946887969970703125e+00
-5.092808723449707031e+00 4.586249351501464844e+00
-4.128313541412353516e+00 1.390986442565917969e+01
-5.878524780273437500e+00 8.697975158691406250e+00
6.629590034484863281e+00 -4.131522655487060547e+00
2.923989534378051758e+00 7.550820350646972656e+00
-5.727586746215820312e+00 2.624920654296875000e+01
-3.283122777938842773e+00 9.229441642761230469e+00
-2.318572849035263062e-01 1.168207550048828125e+01
-1.123483848571777344e+01 -9.019012451171875000e+00
-1.200808644294738770e+00 -1.035207748413085938e+01
-4.383542060852050781e+00 1.746325302124023438e+01
-1.892222213745117188e+01 -6.077000617980957031e+00
1.039711093902587891e+01 -5.862014770507812500e+00
1.725230789184570312e+01 7.860858440399169922e-01
9.979886054992675781e+00 1.125427055358886719e+01
1.046009063720703125e+01 1.469795131683349609e+01
-6.068309545516967773e-01 -8.498960494995117188e+00
-4.609790802001953125e+00 -1.711394500732421875e+01
1.218249225616455078e+01 1.597354650497436523e+00
1.074488067626953125e+01 7.285512924194335938e+00
7.693188190460205078e+00 -4.624233722686767578e+00
-9.746967315673828125e+00 7.728202342987060547e+00
-4.397499561309814453e+00 -1.712610816955566406e+01
-5.278375148773193359e-01 -1.244966983795166016e+01
-1.475155067443847656e+01 1.687744617462158203e+00
8.003528594970703125e+00 1.123543357849121094e+01
-5.202343463897705078e-01 1.621773147583007812e+01
-1.352908515930175781e+01 -8.385573387145996094e+00
3.930161476135253906e+00 -3.151542663574218750e+00
-1.504900455474853516e+01 -8.100724220275878906e+00
-1.581530570983886719e+01 1.207364177703857422e+01
8.354637145996093750e+00 5.564545631408691406e+00
1.707203626632690430e+00 5.741028785705566406e+00
1.231797933578491211e-01 7.174902439117431641e+00
-1.430279541015625000e+01 -7.067447185516357422e+00
-1.884612917900085449e+00 -7.798009395599365234e+00
-4.111887931823730469e+00 6.174063682556152344e+00
1.273771286010742188e+01 -3.376422119140625000e+01
1.153684735298156738e+00 8.251708984375000000e+00
-1.070860004425048828e+01 -1.329276275634765625e+01
1.879587936401367188e+01 -5.117905616760253906e+00
1.187582397460937500e+01 4.942779064178466797e+00
5.747293949127197266e+00 4.135025978088378906e+00
5.334136962890625000e+00 1.379725074768066406e+01
3.876180410385131836e+00 -7.453959465026855469e+00
-2.903770923614501953e+00 5.749982833862304688e+00
-8.587049484252929688e+00 -2.098818206787109375e+01
6.362742781639099121e-01 -6.971600532531738281e+00
-1.666745758056640625e+01 1.224353790283203125e+01
9.067877769470214844e+00 -5.099581718444824219e+00
7.127522945404052734e+00 -4.069921493530273438e+00
1.576466083526611328e+01 5.505741119384765625e+00
-2.732158660888671875e+00 2.146620035171508789e+00
4.127030372619628906e+00 -8.142259597778320312e+00
-1.928846740722656250e+01 4.038348197937011719e+00
-7.506784439086914062e+00 8.257257461547851562e+00
1.362736105918884277e+00 1.374658775329589844e+01
1.438915610313415527e+00 1.870966196060180664e+00
-6.914178848266601562e+00 -1.166989684104919434e+00
-9.789368629455566406e+00 -4.961990833282470703e+00
7.503747940063476562e+00 5.254418373107910156e+00
-8.374920845031738281e+00 7.402972698211669922e+00
8.031554222106933594e+00 -4.852175712585449219e+00
4.175084114074707031e+00 -6.351816654205322266e+00
6.385395050048828125e+00 -7.081126689910888672e+00
2.407279014587402344e+01 9.297585487365722656e-01
-5.235651969909667969e+00 2.598606109619140625e+01
-2.128787612915039062e+01 -3.940673351287841797e+00
-1.026960277557373047e+01 -8.176939010620117188e+00
1.467319607734680176e+00 -1.127052497863769531e+01
-8.613216280937194824e-01 -7.277397632598876953e+00
-9.354161262512207031e+00 1.970452308654785156e+00
2.887637376785278320e+00 -5.948684692382812500e+00
-6.872640609741210938e+00 9.066207885742187500e+00
-4.266139864921569824e-01 1.751300692558288574e+00
1.972539710998535156e+01 1.017967128753662109e+01
-4.604450225830078125e+00 -9.021360397338867188e+00
-9.925885200500488281e+00 -1.879835891723632812e+01
-1.288652610778808594e+01 -9.723102569580078125e+00
-2.719335556030273438e+00 1.490955352783203125e+01
8.085563659667968750e+00 -2.565574169158935547e+00
9.520440101623535156e+00 3.984891176223754883e+00
-1.123248004913330078e+01 1.774741649627685547e+00
-1.673857569694519043e+00 -1.327495956420898438e+01
2.075170135498046875e+01 8.657870292663574219e-01
-3.630959510803222656e+00 9.232951164245605469e+00
-5.431020736694335938e+00 -1.165414905548095703e+01
1.690192413330078125e+01 4.510667800903320312e+00
8.462953567504882812e+00 -1.189048004150390625e+01
-1.016066551208496094e+00 -1.264994025230407715e+00
5.675388336181640625e+00 5.172814369201660156e+00
6.623167991638183594e+00 -9.019768714904785156e+00
1.288037490844726562e+01 2.365466690063476562e+01
6.782541275024414062e-01 -3.787518978118896484e+00
-1.900449514389038086e+00 2.345352411270141602e+00
-7.667806148529052734e+00 -1.011794805526733398e+00
5.204668521881103516e+00 1.387368440628051758e+00
1.158859157562255859e+01 4.864233016967773438e+00
-2.346339225769042969e+00 6.580750465393066406e+00
-3.842689990997314453e-01 1.595993995666503906e+01
5.856900811195373535e-01 1.289763450622558594e+01
2.290476989746093750e+01 -2.292340040206909180e+00
1.533941078186035156e+01 1.259374499320983887e+00
2.703825950622558594e+00 1.759369611740112305e+00
1.254695415496826172e+00 -1.996385812759399414e+00
-1.224475741386413574e+00 1.091555976867675781e+01
-1.792804718017578125e+01 5.532700538635253906e+00
-2.760174274444580078e+00 5.971045494079589844e+00
-1.430090522766113281e+01 -1.677193641662597656e+01
7.025376319885253906e+00 -4.439435958862304688e+00
1.684818267822265625e+01 -1.443684101104736328e+00
8.158905982971191406e+00 -1.246981430053710938e+01
-1.522441387176513672e+01 2.328649520874023438e+01
-6.127403974533081055e-01 5.569546699523925781e+00
9.984884262084960938e-01 -1.168091201782226562e+01
-5.340763092041015625e+00 -1.058656501770019531e+01
1.145404052734375000e+01 2.235199928283691406e+01
-4.064165592193603516e+00 3.798753023147583008e+00
1.422979927062988281e+01 4.515168190002441406e+00
7.087454795837402344e+00 -1.562258720397949219e+00
1.092360496520996094e+00 3.842586517333984375e+00
-1.265913486480712891e+01 8.332157135009765625e+00
4.873697280883789062e+00 1.994848632812500000e+01
6.731315612792968750e+00 -2.876169443130493164e+00
2.031378448009490967e-01 -8.945537567138671875e+00
-4.422501921653747559e-01 -6.802705764770507812e+00
-1.634586715698242188e+01 4.237667083740234375e+00
-1.012965917587280273e+00 -2.250882720947265625e+01
1.085639095306396484e+01 9.869059562683105469e+00
-1.031578254699707031e+01 1.259703040122985840e-01
9.372140169143676758e-01 1.120112228393554688e+01
-4.104790687561035156e+00 -2.079416513442993164e+00
-1.713923931121826172e+00 -9.022578239440917969e+00
1.027043914794921875e+01 -2.330651283264160156e+01
1.699427795410156250e+01 -1.519508361816406250e+01
8.768620491027832031e+00 5.106843948364257812e+00
-2.437681674957275391e+00 9.201534986495971680e-01
6.983146190643310547e+00 1.281024837493896484e+01
6.892029762268066406e+00 -1.147683715820312500e+01
-6.875236034393310547e+00 6.998265981674194336e-01
3.912061214447021484e+00 -3.832863569259643555e+00
4.859361648559570312e+00 -2.360898780822753906e+01
-1.197956442832946777e+00 2.759252786636352539e+00
1.837057304382324219e+01 -1.461001187562942505e-01
1.028877735137939453e+00 -2.269370794296264648e+00
-1.539107799530029297e+01 -7.842250823974609375e+00
-7.514554023742675781e+00 -1.393573880195617676e-01
-1.723977327346801758e+00 6.085038185119628906e+00
7.561087608337402344e+00 6.057102680206298828e+00
-4.465095996856689453e+00 1.473444366455078125e+01
-4.573736190795898438e+00 -1.368804168701171875e+01
8.211122512817382812e+00 2.374057388305664062e+01
-1.824754238128662109e+00 -1.279900360107421875e+01
-7.226504802703857422e+00 -5.196376323699951172e+00
1.086969757080078125e+01 -1.780368566513061523e+00
1.011855888366699219e+01 -1.667145538330078125e+01
2.100756454467773438e+01 3.813699483871459961e+00
6.209143638610839844e+00 -7.672190666198730469e+00
-1.399557590484619141e+01 4.382753849029541016e+00
-1.106928825378417969e+01 -1.721191287040710449e+00
2.837173843383789062e+01 5.319791793823242188e+00
5.816571235656738281e+00 2.062935829162597656e+01
5.098867893218994141e+00 -8.042465209960937500e+00
2.607074379920959473e-01 -6.891449928283691406e+00
1.327846527099609375e+01 -7.171276211738586426e-01
-9.629065513610839844e+00 8.480495452880859375e+00
9.817363739013671875e+00 8.588962554931640625e+00
-1.464887619018554688e+00 2.456178426742553711e+00
-4.439443588256835938e+00 -1.829922294616699219e+01
7.143350601196289062e+00 -1.613411521911621094e+01
1.384267330169677734e+01 3.039975357055664062e+01
7.501585483551025391e+00 1.580823993682861328e+01
3.765125513076782227e+00 5.137641429901123047e+00
3.146805286407470703e+00 3.498025417327880859e+00
9.395879745483398438e+00 -1.239241409301757812e+01
-1.221823215484619141e+00 4.164066538214683533e-02
-8.452312469482421875e+00 -4.231705188751220703e+00
-2.742091178894042969e+01 -8.595475196838378906e+00
-1.097412204742431641e+01 -1.075190782546997070e+00
-1.200326824188232422e+01 -3.951804161071777344e+00
7.665786147117614746e-01 -1.809719763696193695e-02
3.242627382278442383e+00 -5.223916053771972656e+00
8.582576751708984375e+00 4.378497600555419922e+00
4.994547843933105469e+00 -9.223896026611328125e+00
-6.108660697937011719e-01 -5.015907764434814453e+00
8.856030464172363281e+00 -1.000415229797363281e+01
-3.602373123168945312e+00 -1.251632881164550781e+01
1.166730880737304688e+01 -3.319359302520751953e+00
-7.125491142272949219e+00 -1.041759681701660156e+01
6.011013031005859375e+00 1.984478116035461426e+00
1.720982193946838379e-01 1.303193092346191406e+01
-9.657149314880371094e+00 -1.510718250274658203e+01
-8.146896362304687500e+00 -5.597480773925781250e+00
9.222101211547851562e+00 1.941597747802734375e+01
-1.278364562988281250e+01 -1.409206390380859375e+00
1.496265888214111328e+01 1.422017002105712891e+01
1.313141703605651855e+00 -5.562515258789062500e+00
6.024807929992675781e+00 -3.706611156463623047e+00
-4.708481788635253906e+00 1.105465984344482422e+01
4.178657054901123047e+00 -7.998505115509033203e+00
3.071639537811279297e+00 -4.366503715515136719e+00
-1.381208992004394531e+01 2.439298868179321289e+00
1.067714214324951172e+01 5.944597244262695312e+00
-1.446359634399414062e+01 2.715240478515625000e+00
-8.623102188110351562e+00 5.426743030548095703e+00
6.074835777282714844e+00 1.168526840209960938e+01
-6.272601127624511719e+00 -1.331311988830566406e+01
1.138174629211425781e+01 3.986467838287353516e+00
6.169912338256835938e+00 1.825088691711425781e+01
1.252779197692871094e+01 -1.609405136108398438e+01
-2.748737573623657227e+00 -3.942647933959960938e+00
-6.601834893226623535e-01 1.280304789543151855e-02
-1.800183534622192383e+00 3.166740179061889648e+00
-5.321816444396972656e+00 3.156898021697998047e-01
1.035887908935546875e+01 2.360205841064453125e+01
1.252926349639892578e+01 -7.700798511505126953e-01
1.986409950256347656e+01 -1.083579635620117188e+01
5.624892234802246094e+00 -3.196558654308319092e-01
-3.144995570182800293e-01 4.422964096069335938e+00
-9.811222076416015625e+00 8.660174369812011719e+00
-9.104202270507812500e+00 1.672196960449218750e+01
1.295340538024902344e+00 -8.562626838684082031e+00
6.681661605834960938e+00 -2.893806457519531250e+00
1.287572860717773438e+01 -4.268618583679199219e+00
7.205761909484863281e+00 -9.893468856811523438e+00
1.234647989273071289e+00 -1.122557830810546875e+01
9.954359054565429688e+00 -9.687440872192382812e+00
2.317746162414550781e+01 9.404715299606323242e-01
-2.151493263244628906e+01 1.776434516906738281e+01
3.254523754119873047e+00 -1.683344268798828125e+01
1.421508312225341797e+01 -9.225261688232421875e+00
6.647787094116210938e+00 -6.370481967926025391e+00
1.988953971862792969e+01 -6.939550638198852539e-01
1.221386909484863281e+01 1.670934438705444336e+00
1.535866546630859375e+01 -4.768593788146972656e+00
-2.348503303527832031e+01 -1.348473906517028809e+00
6.473782539367675781e+00 6.292539834976196289e-01
1.137090682983398438e+01 7.310184478759765625e+00
3.415170669555664062e+00 1.046612167358398438e+01
6.465049743652343750e+00 3.914625883102416992e+00
-7.719878196716308594e+00 7.654182434082031250e+00
-8.904088020324707031e+00 1.490713500976562500e+01
1.284352779388427734e+01 -3.371590375900268555e+00
-1.570478916168212891e+00 6.857667446136474609e+00
-1.502738571166992188e+01 -4.834088325500488281e+00
-7.867178916931152344e+00 3.722003698348999023e+00
2.943818807601928711e+00 2.585418701171875000e+01
-8.639439582824707031e+00 1.067051506042480469e+01
7.465976715087890625e+00 4.387327730655670166e-01
1.884297943115234375e+01 -7.332221031188964844e+00
-6.916262626647949219e+00 -4.362361907958984375e+00
5.117113590240478516e+00 -5.479532241821289062e+00
1.318504142761230469e+01 1.200282096862792969e+01
1.262950658798217773e+00 -7.878067970275878906e+00
2.113999843597412109e+00 1.142017722129821777e+00
6.868579864501953125e+00 1.035510921478271484e+01
-3.633412718772888184e-01 -4.356454014778137207e-01
-1.769092178344726562e+01 -9.286283493041992188e+00
-3.625656604766845703e+00 1.091199684143066406e+01
-1.693395805358886719e+01 4.598557949066162109e+00
-9.854964256286621094e+00 9.233098983764648438e+00
1.145866966247558594e+01 -9.342909812927246094e+00
-2.943778276443481445e+00 -3.341609001159667969e+00
1.004635238647460938e+01 3.073404073715209961e+00
-2.157383918762207031e+01 5.440013408660888672e+00
-8.859204649925231934e-01 1.770125031471252441e+00
-4.809628486633300781e+00 2.827065944671630859e+00
1.633063316345214844e+01 -1.025078654289245605e+00
2.845035076141357422e+00 2.482834339141845703e+00
-9.481841087341308594e+00 -5.306644439697265625e+00
2.216915845870971680e+00 -1.234704017639160156e+00
1.593276858329772949e+00 -9.186517715454101562e+00
-1.206213760375976562e+01 9.917283654212951660e-01
-4.597809791564941406e+00 -8.512310028076171875e+00
1.151860618591308594e+01 -1.687312889099121094e+01
3.682876825332641602e+00 8.733302116394042969e+00
-3.923054695129394531e+00 -2.779372692108154297e+00
-8.875562667846679688e+00 3.141441822052001953e+00
3.794319629669189453e+00 3.034327316284179688e+01
1.140405416488647461e+00 2.391763305664062500e+01
-7.561984062194824219e+00 -1.751116943359375000e+01
3.807734012603759766e+00 4.896957397460937500e+00
4.378480911254882812e+00 -2.087464570999145508e+00
7.422187328338623047e-01 7.369002342224121094e+00
-1.108270168304443359e+01 1.293959617614746094e+00
-6.772818088531494141e+00 2.718129634857177734e+00
-1.649346160888671875e+01 -5.118542194366455078e+00
1.010568428039550781e+01 1.806428146362304688e+01
-2.231557846069335938e+01 2.943842172622680664e+00
4.357315063476562500e+00 -8.982556343078613281e+00
2.514796018600463867e+00 2.414461135864257812e+01
1.167184734344482422e+01 -7.268212318420410156e+00
1.207188129425048828e+01 7.310616970062255859e+00
-3.691770553588867188e+00 1.113741493225097656e+01
1.986668395996093750e+01 -1.069313621520996094e+01
5.486733913421630859e+00 8.636548042297363281e+00
-3.749767780303955078e+00 4.158915877342224121e-01
-7.095723152160644531e+00 1.308102035522460938e+01
-1.456125354766845703e+01 -5.256541252136230469e+00
3.734692186117172241e-02 8.497239112854003906e+00
-2.465186834335327148e+00 -1.046672439575195312e+01
-2.852240800857543945e+00 1.579521656036376953e+01
4.355919837951660156e+00 -1.571908760070800781e+01
3.388751745223999023e+00 1.840891838073730469e+00
8.836796760559082031e+00 5.140561580657958984e+00
2.989928245544433594e+00 1.155999422073364258e+00
2.316284418106079102e+00 -6.181439399719238281e+00
-2.026131629943847656e+00 -7.391828298568725586e-01
3.895172834396362305e+00 3.251755237579345703e-01
-1.949085426330566406e+01 1.635162162780761719e+01
-1.106371498107910156e+01 1.013496589660644531e+01
1.464898467063903809e+00 -4.923604965209960938e+00
1.752269864082336426e-01 2.734626770019531250e+00
1.730598258972167969e+01 -5.841548919677734375e+00
2.332115173339843750e+01 4.931421756744384766e+00
2.018740463256835938e+01 1.408615016937255859e+01
-1.934828758239746094e+00 -2.004044532775878906e+01
-7.549343109130859375e+00 -7.779593467712402344e-01
-3.401570796966552734e+00 -1.605371236801147461e+00
6.947572708129882812e+00 8.353314399719238281e+00
-1.653440666198730469e+01 1.048425674438476562e+00
-1.374641060829162598e+00 -6.516292095184326172e+00
4.129596710205078125e+00 2.672584533691406250e+00
-1.098357558250427246e+00 -8.359107017517089844e+00
-1.281249523162841797e+01 8.874589920043945312e+00
-5.234568595886230469e+00 -1.760713195800781250e+01
2.208184242248535156e+00 6.279196739196777344e+00
-1.902159881591796875e+01 -4.833845138549804688e+00
-1.180607414245605469e+01 4.868284702301025391e+00
1.614075088500976562e+01 -9.156809806823730469e+00
-1.166344547271728516e+01 7.766720056533813477e-01
-1.695284080505371094e+01 1.993299102783203125e+01
1.015070527791976929e-01 -1.891581726074218750e+01
-2.220469951629638672e+00 -2.464679718017578125e+00
1.683089494705200195e+00 -4.297761619091033936e-01
-4.710542678833007812e+00 1.121611118316650391e+01
6.299067497253417969e+00 -1.908300590515136719e+01
6.604033708572387695e-01 4.536599159240722656e+00
-1.161399936676025391e+01 5.216388702392578125e+00
2.187387847900390625e+01 5.137813091278076172e+00
4.773648828268051147e-02 3.166210412979125977e+00
-1.195384502410888672e+01 -8.777986526489257812e+00
-7.666015148162841797e+00 4.545813560485839844e+00
-8.546572685241699219e+00 1.842076492309570312e+01
-1.075934791564941406e+01 5.558526515960693359e-01
1.010795974731445312e+01 3.367158412933349609e+00
3.024725914001464844e+00 8.261542320251464844e-01
-8.932799339294433594e+00 4.790654182434082031e+00
2.895758628845214844e+00 -7.677366733551025391e+00
6.705909252166748047e+00 5.125811100006103516e-01
-1.235027194023132324e+00 5.156309127807617188e+00
-2.826821517944335938e+01 8.269902229309082031e+00
2.220403861999511719e+01 1.409282684326171875e+00
-2.593991518020629883e+00 -3.955446481704711914e+00
3.454452037811279297e+00 2.823149490356445312e+01
-1.011419868469238281e+01 2.375114631652832031e+01
1.554917430877685547e+01 1.861846733093261719e+01
-9.747402191162109375e+00 7.918294668197631836e-01
2.401240825653076172e+00 8.361178398132324219e+00
-1.072955131530761719e+01 1.594146728515625000e+01
-6.144378185272216797e+00 1.955316734313964844e+01
-5.327241420745849609e+00 -6.721876859664916992e-01
-1.005562686920166016e+01 4.821932792663574219e+00
-1.785312080383300781e+01 -7.345532894134521484e+00
-1.405022430419921875e+01 -6.519960880279541016e+00
3.600862622261047363e-01 -1.164910411834716797e+01
1.798414611816406250e+01 -7.921163558959960938e+00
8.488847732543945312e+00 -3.434466838836669922e+00
8.877279281616210938e+00 2.578323125839233398e+00
-9.702691078186035156e+00 -3.968032360076904297e+00
-1.779530525207519531e+01 -6.252830028533935547e+00
5.744774818420410156e+00 4.279234409332275391e+00
-8.926527023315429688e+00 -7.103644609451293945e-01
1.959686470031738281e+01 -1.064429092407226562e+01
-7.242408275604248047e+00 4.001160144805908203e+00
1.485338330268859863e+00 -2.237518787384033203e+00
-7.217057228088378906e+00 -8.317319154739379883e-01
1.679210424423217773e+00 -1.457484340667724609e+01
-7.384808540344238281e+00 -1.020114135742187500e+01
2.252716255187988281e+01 2.803671264648437500e+01
-1.620342063903808594e+01 1.183152103424072266e+01
-1.123264789581298828e+01 1.407277870178222656e+01
-2.470179796218872070e+00 -7.606623649597167969e+00
-1.582310914993286133e+00 -1.346339702606201172e+01
2.466261291503906250e+01 1.322128105163574219e+01
7.020114898681640625e+00 1.944986462593078613e+00
6.195438385009765625e+00 -9.385643959045410156e+00
-8.777486801147460938e+00 1.382754564285278320e+00
-3.631017446517944336e+00 -1.083988380432128906e+01
3.406916558742523193e-01 3.420887947082519531e+00
5.435639061033725739e-03 -1.889561271667480469e+01
-8.062025070190429688e+00 2.990171432495117188e+00
3.842800855636596680e+00 -9.256034851074218750e+00
7.760592460632324219e+00 -1.411147594451904297e+01
2.358976173400878906e+01 -1.407728099822998047e+01
1.821277260780334473e+00 2.247828483581542969e+00
3.414822578430175781e+00 -3.014632034301757812e+01
7.957210540771484375e+00 -9.831508636474609375e+00
-3.047059535980224609e+00 5.712403059005737305e-01
-2.657290458679199219e+00 2.877306175231933594e+01
1.519386291503906250e+01 -1.849061965942382812e+00
4.327303886413574219e+00 1.222657394409179688e+01
6.537154197692871094e+00 -4.824351310729980469e+00
9.625768661499023438e-01 7.298338413238525391e+00
-5.252224802970886230e-01 -2.468087196350097656e+00
-3.074995994567871094e+00 1.786084651947021484e+00
3.325738906860351562e+00 -8.780128359794616699e-01
1.120314836502075195e+00 -6.708146095275878906e+00
-1.064942169189453125e+01 -5.475537300109863281e+00
2.415578842163085938e+00 -8.195995330810546875e+00
1.307604598999023438e+01 -7.047230720520019531e+00
4.857838630676269531e+00 1.786272621154785156e+01
-1.057023811340332031e+01 -3.755414724349975586e+00
1.278804683685302734e+01 6.599289894104003906e+00
-1.934021568298339844e+01 -1.416027927398681641e+01
5.374528884887695312e+00 4.147468566894531250e+00
-9.436668395996093750e+00 6.987007141113281250e+00
-9.259693622589111328e-01 8.033496141433715820e-02
-2.524295330047607422e+00 -3.038432598114013672e+00
1.725652503967285156e+01 1.102630519866943359e+01
1.001910305023193359e+01 -3.419070243835449219e+00
-1.129879093170166016e+01 1.392944240570068359e+01
-3.999822139739990234e+00 1.064671707153320312e+01
-1.584940338134765625e+01 -1.228068161010742188e+01
-2.315501022338867188e+01 -1.177359199523925781e+01
4.033032417297363281e+00 -1.905468750000000000e+01
3.683124065399169922e+00 3.120130300521850586e+00
-9.724269866943359375e+00 4.391366481781005859e+00
3.120441436767578125e+00 4.085870265960693359e+00
1.618044137954711914e+00 -4.776777267456054688e+00
2.153692054748535156e+01 -1.610704612731933594e+01
3.328073263168334961e+00 -1.608718109130859375e+01
-1.785001373291015625e+01 -1.081134033203125000e+01
-1.314951133728027344e+01 -1.823112487792968750e+00
1.189012408256530762e+00 7.756977081298828125e+00
-1.781247329711914062e+01 -1.897495651245117188e+01
2.926000118255615234e+00 -2.075030326843261719e+00
-4.084119319915771484e+00 -1.165865325927734375e+01
-1.430108547210693359e+01 -1.892875671386718750e+01
1.573516845703125000e+00 3.748848438262939453e+00
6.166282653808593750e+00 -1.143846893310546875e+01
-5.281743526458740234e+00 -5.708080291748046875e+00
1.346997356414794922e+01 -4.031411647796630859e+00
-1.308816528320312500e+01 -1.322341156005859375e+01
1.197873950004577637e+00 1.403465366363525391e+01
