-4.862652282714843750e+02
-4.418416748046875000e+02
-5.333002929687500000e+02
-5.306833496093750000e+02
-4.726685485839843750e+02
-4.415968322753906250e+02
-5.512036132812500000e+02
-5.352635498046875000e+02
-4.690378417968750000e+02
-4.938926086425781250e+02
-4.981330566406250000e+02
-4.437949829101562500e+02
-4.456241455078125000e+02
-5.486738281250000000e+02
-4.632673339843750000e+02
-4.446409912109375000e+02
-5.264515991210937500e+02
-4.425532226562500000e+02
-5.453810424804687500e+02
-4.428517456054687500e+02
-4.828070983886718750e+02
-4.740189208984375000e+02
-4.766299743652343750e+02
-4.417359008789062500e+02
-5.467661132812500000e+02
-5.221573486328125000e+02
-4.417041625976562500e+02
-4.477719726562500000e+02
-5.403016357421875000e+02
-4.922426147460937500e+02
-4.428611145019531250e+02
-5.226153564453125000e+02
-5.392170410156250000e+02
-5.488823242187500000e+02
-4.416534729003906250e+02
-5.352741088867187500e+02
-4.674338989257812500e+02
-4.488070678710937500e+02
-4.428020019531250000e+02
-5.124168701171875000e+02
-4.698990478515625000e+02
-4.752390136718750000e+02
-5.351794433593750000e+02
-4.416137084960937500e+02
-5.238902587890625000e+02
-4.428848266601562500e+02
-4.488603820800781250e+02
-4.416200866699218750e+02
-4.558953857421875000e+02
-4.415962524414062500e+02
-4.428587341308593750e+02
-4.516219177246093750e+02
-5.056788635253906250e+02
-5.260683593750000000e+02
-4.417955627441406250e+02
-4.439674072265625000e+02
-4.428071289062500000e+02
-5.357104492187500000e+02
-4.453078002929687500e+02
-4.523168945312500000e+02
-5.461305541992187500e+02
-5.497144775390625000e+02
-4.427325439453125000e+02
-4.419868164062500000e+02
-4.419483947753906250e+02
-4.553016357421875000e+02
-5.387374267578125000e+02
-4.416437072753906250e+02
-5.467211914062500000e+02
-4.416318359375000000e+02
-4.444780578613281250e+02
-4.583157043457031250e+02
-5.472304077148437500e+02
-5.494536132812500000e+02
-5.041187438964843750e+02
-5.031677856445312500e+02
-5.506185302734375000e+02
-4.442207946777343750e+02
-4.415971679687500000e+02
-5.052956542968750000e+02
-5.242816772460937500e+02
-4.419884033203125000e+02
-5.492079467773437500e+02
-4.435455017089843750e+02
-4.477159423828125000e+02
-4.810451049804687500e+02
-4.428673706054687500e+02
-4.424318542480468750e+02
-4.663856811523437500e+02
-4.573203735351562500e+02
-4.431581726074218750e+02
-5.325021362304687500e+02
-4.439213256835937500e+02
-4.419844360351562500e+02
-4.564412841796875000e+02
-5.497203369140625000e+02
-5.452056274414062500e+02
-4.419024658203125000e+02
-4.633562011718750000e+02
-4.438395385742187500e+02
-4.416035156250000000e+02
-4.882486572265625000e+02
-5.192289428710937500e+02
-4.576265563964843750e+02
-4.878372802734375000e+02
-4.425014648437500000e+02
-5.502877197265625000e+02
-5.393859863281250000e+02
-5.040358276367187500e+02
-4.646838073730468750e+02
-4.415946960449218750e+02
-4.527266235351562500e+02
-5.196452636718750000e+02
-4.662494506835937500e+02
-4.416233520507812500e+02
-4.417374572753906250e+02
-4.419361572265625000e+02
-4.430827026367187500e+02
-4.607322082519531250e+02
-4.735647277832031250e+02
-5.498659057617187500e+02
-5.514338378906250000e+02
-4.573513793945312500e+02
-4.435709228515625000e+02
-4.418066711425781250e+02
-4.416428527832031250e+02
-4.632417297363281250e+02
-5.446300659179687500e+02
-5.367000732421875000e+02
-5.508251342773437500e+02
-4.752556457519531250e+02
-4.416258544921875000e+02
-4.421380004882812500e+02
-4.423450317382812500e+02
-5.374837646484375000e+02
-4.420582885742187500e+02
-4.565270690917968750e+02
-4.415993041992187500e+02
-4.429407348632812500e+02
-4.788100891113281250e+02
-4.451312866210937500e+02
-5.008831176757812500e+02
-4.608366394042968750e+02
-5.427660522460937500e+02
-4.500526428222656250e+02
-4.416508178710937500e+02
-4.570743103027343750e+02
-5.041059570312500000e+02
-5.211075439453125000e+02
-4.659008178710937500e+02
-4.415948486328125000e+02
-5.509293212890625000e+02
-4.416009216308593750e+02
-4.547500000000000000e+02
-4.721237182617187500e+02
-4.628263549804687500e+02
-5.495861816406250000e+02
-4.428424987792968750e+02
-5.420357666015625000e+02
-5.465072631835937500e+02
-4.514677734375000000e+02
-5.496164550781250000e+02
-4.466281738281250000e+02
-4.569160766601562500e+02
-4.585434875488281250e+02
-4.415946960449218750e+02
-5.260249633789062500e+02
-4.415958557128906250e+02
-4.433278503417968750e+02
-4.415985412597656250e+02
-5.501303100585937500e+02
-4.644731140136718750e+02
-4.416043090820312500e+02
-4.433946838378906250e+02
-4.422014160156250000e+02
-4.682239074707031250e+02
-4.423809509277343750e+02
-4.439022521972656250e+02
-4.416656799316406250e+02
-4.416115417480468750e+02
-4.684559326171875000e+02
-5.511171875000000000e+02
-5.322594604492187500e+02
-5.481964721679687500e+02
-4.431223754882812500e+02
-4.452734985351562500e+02
-4.884975891113281250e+02
-4.415977783203125000e+02
-5.220384521484375000e+02
-4.423166503906250000e+02
-4.877096862792968750e+02
-5.515751953125000000e+02
-4.415953674316406250e+02
-4.417369079589843750e+02
-4.416476135253906250e+02
-4.427061767578125000e+02
-4.415958251953125000e+02
-4.415957031250000000e+02
-4.484707641601562500e+02
-5.383582763671875000e+02
-4.540952758789062500e+02
-4.416644287109375000e+02
-4.718500061035156250e+02
-4.453929443359375000e+02
-4.557249145507812500e+02
-4.898992309570312500e+02
-4.611043090820312500e+02
-4.427657165527343750e+02
-5.488450927734375000e+02
-4.547214965820312500e+02
-5.351748657226562500e+02
-5.381333007812500000e+02
-5.510720214843750000e+02
-5.504246826171875000e+02
-4.450110778808593750e+02
-4.628886413574218750e+02
-4.835053710937500000e+02
-4.534354248046875000e+02
-4.455079345703125000e+02
-4.416045837402343750e+02
-4.416617431640625000e+02
-4.423675231933593750e+02
-4.422340698242187500e+02
-5.515947265625000000e+02
-4.418713684082031250e+02
-5.512254638671875000e+02
-5.504014282226562500e+02
-5.422803344726562500e+02
-4.665506591796875000e+02
-4.419102783203125000e+02
-4.417685546875000000e+02
-4.831929016113281250e+02
-5.514735107421875000e+02
-5.505102539062500000e+02
-4.441831054687500000e+02
-5.291293945312500000e+02
-5.485211181640625000e+02
-5.439066162109375000e+02
-4.416784973144531250e+02
-4.420497741699218750e+02
-4.569612426757812500e+02
-5.107142028808593750e+02
-4.417337646484375000e+02
-5.333779296875000000e+02
-5.439422607421875000e+02
-4.423363037109375000e+02
-5.401634521484375000e+02
-4.508723754882812500e+02
-5.311273193359375000e+02
-5.488784179687500000e+02
-4.878130798339843750e+02
-4.416189880371093750e+02
-5.467670898437500000e+02
-4.826531372070312500e+02
-4.418154907226562500e+02
-4.735694274902343750e+02
-4.450758972167968750e+02
-4.492346801757812500e+02
-5.379588623046875000e+02
-4.555718994140625000e+02
-4.417313537597656250e+02
-4.592293090820312500e+02
-5.473031005859375000e+02
-4.809082946777343750e+02
-4.941078491210937500e+02
-4.614190673828125000e+02
-4.419033813476562500e+02
-4.453753967285156250e+02
-4.574845581054687500e+02
-4.885643920898437500e+02
-5.515850830078125000e+02
-4.423958129882812500e+02
-4.459353942871093750e+02
-4.435660095214843750e+02
-5.515783691406250000e+02
-4.565669555664062500e+02
-5.320374755859375000e+02
-4.567949523925781250e+02
-4.951734313964843750e+02
-4.466278686523437500e+02
-4.564996337890625000e+02
-4.416058959960937500e+02
-5.361303710937500000e+02
-4.416148071289062500e+02
-4.630444641113281250e+02
-4.647983398437500000e+02
-4.416169433593750000e+02
-4.633388061523437500e+02
-4.423983764648437500e+02
-4.424691772460937500e+02
-5.450130615234375000e+02
-5.148659057617187500e+02
-5.515459594726562500e+02
-5.507915039062500000e+02
-4.485777893066406250e+02
-5.515878906250000000e+02
-4.430376586914062500e+02
-4.610527343750000000e+02
-5.463809814453125000e+02
-5.501057128906250000e+02
-4.776265563964843750e+02
-4.494376831054687500e+02
-5.512848510742187500e+02
-4.666101074218750000e+02
-4.415950317382812500e+02
-4.416815795898437500e+02
-5.490135498046875000e+02
-4.633710937500000000e+02
-4.417100524902343750e+02
-5.210367431640625000e+02
-4.777521667480468750e+02
-5.233773193359375000e+02
-4.535240478515625000e+02
-4.875433349609375000e+02
-4.416239624023437500e+02
-4.417507324218750000e+02
-5.240302734375000000e+02
-5.313277587890625000e+02
-5.395296630859375000e+02
-4.418369750976562500e+02
-4.464360046386718750e+02
-4.418672790527343750e+02
-4.462639465332031250e+02
-4.829442749023437500e+02
-5.513535156250000000e+02
-4.460209960937500000e+02
-4.416608276367187500e+02
-4.422486877441406250e+02
-5.502257690429687500e+02
-4.416636962890625000e+02
-4.421434936523437500e+02
-4.931554565429687500e+02
-4.424116210937500000e+02
-4.709264831542968750e+02
-4.460526733398437500e+02
-4.416407470703125000e+02
-4.422335815429687500e+02
-4.420014343261718750e+02
-4.416435241699218750e+02
-4.424372558593750000e+02
-4.451751708984375000e+02
-5.511218261718750000e+02
-4.431408996582031250e+02
-4.909296875000000000e+02
-4.417337036132812500e+02
-5.348254394531250000e+02
-4.489195861816406250e+02
-5.494385986328125000e+02
-4.416304931640625000e+02
-5.509273071289062500e+02
-4.702221984863281250e+02
-4.960407714843750000e+02
-4.491227111816406250e+02
-5.506916503906250000e+02
-4.421412353515625000e+02
-4.431049804687500000e+02
-5.238703613281250000e+02
-5.328884277343750000e+02
-4.416817626953125000e+02
-5.480397338867187500e+02
-5.373831787109375000e+02
-5.241390991210937500e+02
-4.832450561523437500e+02
-4.694941711425781250e+02
-5.515023193359375000e+02
-4.417577514648437500e+02
-5.451296997070312500e+02
-4.759144592285156250e+02
-4.450258178710937500e+02
-4.618274536132812500e+02
-5.511074218750000000e+02
-4.486214294433593750e+02
-4.417179565429687500e+02
-4.421441040039062500e+02
-4.495557861328125000e+02
-4.529960327148437500e+02
-5.308599853515625000e+02
-4.723068542480468750e+02
-4.560616149902343750e+02
-4.418584289550781250e+02
-5.390078125000000000e+02
-5.500867919921875000e+02
-4.773435058593750000e+02
-4.452084960937500000e+02
-5.308228149414062500e+02
-5.504282226562500000e+02
-5.185288085937500000e+02
-4.417258300781250000e+02
-4.615577392578125000e+02
-5.414478759765625000e+02
-5.515671386718750000e+02
-4.419730834960937500e+02
-4.422866516113281250e+02
-4.420932312011718750e+02
-5.388403320312500000e+02
-4.430296020507812500e+02
-5.084568481445312500e+02
-4.798876953125000000e+02
-4.975367736816406250e+02
-4.417654418945312500e+02
-4.423097839355468750e+02
-4.416931762695312500e+02
-4.729447021484375000e+02
-4.645970764160156250e+02
-5.507319335937500000e+02
-5.344686279296875000e+02
-4.673428344726562500e+02
-4.431618041992187500e+02
-5.206077880859375000e+02
-4.415948486328125000e+02
-4.490446472167968750e+02
-4.829299926757812500e+02
-4.416113281250000000e+02
-4.495080566406250000e+02
-4.416089172363281250e+02
-4.920536499023437500e+02
-4.448270874023437500e+02
-4.908263549804687500e+02
-4.597081298828125000e+02
-5.491427001953125000e+02
-4.482891845703125000e+02
-5.502703857421875000e+02
-4.586541137695312500e+02
-4.424678344726562500e+02
-4.537480468750000000e+02
-4.621601867675781250e+02
-4.415958557128906250e+02
-5.461160278320312500e+02
-4.871235656738281250e+02
-5.140904541015625000e+02
-4.415976562500000000e+02
-5.421685180664062500e+02
-4.491454467773437500e+02
-4.560721130371093750e+02
-4.441387023925781250e+02
-4.752750244140625000e+02
-4.872949829101562500e+02
-4.416699829101562500e+02
-5.187857666015625000e+02
-4.643180236816406250e+02
-5.515939941406250000e+02
-4.421040954589843750e+02
-4.463962402343750000e+02
-5.384385986328125000e+02
-4.416083984375000000e+02
-5.513458251953125000e+02
-4.417838134765625000e+02
-4.423618774414062500e+02
-5.511651611328125000e+02
-5.507576904296875000e+02
-5.013807373046875000e+02
-4.528092346191406250e+02
-4.436272888183593750e+02
-5.471016845703125000e+02
-5.515816650390625000e+02
-5.120858764648437500e+02
-5.510740966796875000e+02
-5.511159667968750000e+02
-4.418118591308593750e+02
-4.430560913085937500e+02
-5.512845458984375000e+02
-4.424061889648437500e+02
-4.418116760253906250e+02
-5.511497802734375000e+02
-4.420818481445312500e+02
-4.670465087890625000e+02
-4.417689819335937500e+02
-5.116467590332031250e+02
-4.431454467773437500e+02
-4.416306762695312500e+02
-4.446065063476562500e+02
-4.543846740722656250e+02
-4.435964355468750000e+02
-5.388630981445312500e+02
-4.714044189453125000e+02
-4.417354736328125000e+02
-4.415946960449218750e+02
-5.281108398437500000e+02
-4.966274414062500000e+02
-4.462114257812500000e+02
-4.537520751953125000e+02
-5.502409667968750000e+02
-4.424550170898437500e+02
-5.514278564453125000e+02
-4.481906738281250000e+02
-5.514240722656250000e+02
-4.418468017578125000e+02
-4.453215637207031250e+02
-4.700179443359375000e+02
-4.418689270019531250e+02
-4.459606933593750000e+02
-4.416195068359375000e+02
-5.397510986328125000e+02
-5.093292236328125000e+02
-4.982371215820312500e+02
-5.385605468750000000e+02
-4.438916015625000000e+02
-4.509348754882812500e+02
-5.002349853515625000e+02
-5.515541992187500000e+02
-4.419978332519531250e+02
-4.572097167968750000e+02
-5.134988403320312500e+02
-5.317681884765625000e+02
-4.441003417968750000e+02
-4.943752441406250000e+02
-5.515521240234375000e+02
-5.481375732421875000e+02
-5.148458251953125000e+02
-5.291248779296875000e+02
-4.661506958007812500e+02
-5.487415771484375000e+02
-4.534052124023437500e+02
-4.515576171875000000e+02
-4.418563842773437500e+02
-4.488013305664062500e+02
-4.427112426757812500e+02
-4.418652343750000000e+02
-4.533216552734375000e+02
-4.491304931640625000e+02
-4.599549255371093750e+02
-5.483640747070312500e+02
-4.416394958496093750e+02
-4.416571655273437500e+02
-4.490086364746093750e+02
-4.416115417480468750e+02
-4.419054565429687500e+02
-5.483363037109375000e+02
-4.432340698242187500e+02
-5.482711791992187500e+02
-5.179205322265625000e+02
-5.509428100585937500e+02
-4.909053955078125000e+02
-4.645888061523437500e+02
-4.417255249023437500e+02
-4.420966186523437500e+02
-5.455466308593750000e+02
-4.417655029296875000e+02
-4.432351989746093750e+02
-4.416218872070312500e+02
-4.760141296386718750e+02
-4.422660522460937500e+02
-4.416559143066406250e+02
-4.820526428222656250e+02
-4.843187255859375000e+02
-4.415950927734375000e+02
-4.548184509277343750e+02
-4.417578125000000000e+02
-4.433430175781250000e+02
-5.007380371093750000e+02
-5.515725097656250000e+02
-4.415946960449218750e+02
-4.420073242187500000e+02
-5.196174316406250000e+02
-4.432293701171875000e+02
-4.417281494140625000e+02
-5.474049072265625000e+02
-4.577402648925781250e+02
-4.415948181152343750e+02
-5.512517089843750000e+02
-4.436337890625000000e+02
-5.513407592773437500e+02
-4.717433166503906250e+02
-4.415947265625000000e+02
-4.999136352539062500e+02
-4.941950988769531250e+02
-4.433759765625000000e+02
-5.487554931640625000e+02
-5.308148803710937500e+02
-4.451198730468750000e+02
-5.418961791992187500e+02
-5.141035156250000000e+02
-5.151335449218750000e+02
-4.668729858398437500e+02
-4.538816528320312500e+02
-4.416033020019531250e+02
-4.601899719238281250e+02
-4.416354980468750000e+02
-4.439522094726562500e+02
-4.415965576171875000e+02
-4.641348266601562500e+02
-4.471405029296875000e+02
-4.433270568847656250e+02
-5.470538940429687500e+02
-5.501877441406250000e+02
-4.608093872070312500e+02
-4.458801879882812500e+02
-4.556373596191406250e+02
-4.417318115234375000e+02
-4.691639404296875000e+02
-5.271804199218750000e+02
-4.607852478027343750e+02
-4.427438354492187500e+02
-4.608521118164062500e+02
-4.591036376953125000e+02
-4.417460937500000000e+02
-4.431730346679687500e+02
-4.456416625976562500e+02
-4.505974731445312500e+02
-4.771237487792968750e+02
-4.417529602050781250e+02
-5.415622558593750000e+02
-4.675649414062500000e+02
-5.493177490234375000e+02
-4.481806640625000000e+02
-4.427257080078125000e+02
-4.553045043945312500e+02
-4.421945495605468750e+02
-5.489404907226562500e+02
-5.480223999023437500e+02
-4.493984375000000000e+02
-5.404885253906250000e+02
-4.415962524414062500e+02
-4.636372680664062500e+02
-4.418733520507812500e+02
-4.417504882812500000e+02
-4.521504211425781250e+02
-4.454520263671875000e+02
-4.447395019531250000e+02
-4.585628051757812500e+02
-5.389782714843750000e+02
-5.449019775390625000e+02
-4.430668334960937500e+02
-4.552754516601562500e+02
-5.482042236328125000e+02
-4.415990905761718750e+02
-5.490936279296875000e+02
-4.749880981445312500e+02
-4.421196594238281250e+02
-4.594086914062500000e+02
-5.029157714843750000e+02
-5.271694335937500000e+02
-4.762909240722656250e+02
-4.491116943359375000e+02
-4.704811096191406250e+02
-4.416935424804687500e+02
-5.498564453125000000e+02
-4.440060729980468750e+02
-5.254270019531250000e+02
-5.515885009765625000e+02
-4.982250366210937500e+02
-4.415947875976562500e+02
-4.466820068359375000e+02
-5.512856445312500000e+02
-4.415954589843750000e+02
-5.512774658203125000e+02
-4.417528991699218750e+02
-4.416057128906250000e+02
-5.504251708984375000e+02
-4.444286193847656250e+02
-4.987568969726562500e+02
-4.416029052734375000e+02
-4.436579284667968750e+02
-5.512877197265625000e+02
-4.543253784179687500e+02
-4.447321472167968750e+02
-4.415987548828125000e+02
-5.484432373046875000e+02
-5.494300537109375000e+02
-5.371577148437500000e+02
-5.098692932128906250e+02
-5.351104736328125000e+02
-4.590100097656250000e+02
-4.468135681152343750e+02
-5.479531250000000000e+02
-5.195572509765625000e+02
-4.417391357421875000e+02
-5.369871826171875000e+02
-4.653483276367187500e+02
-4.433654785156250000e+02
-4.985068664550781250e+02
-4.465502929687500000e+02
-4.442463073730468750e+02
-4.422987060546875000e+02
-4.420845336914062500e+02
-4.416060485839843750e+02
-4.878109130859375000e+02
-4.427546386718750000e+02
-4.416864013671875000e+02
-5.506415405273437500e+02
-5.496026611328125000e+02
-4.416033325195312500e+02
-4.492597045898437500e+02
-5.255475463867187500e+02
-4.466310424804687500e+02
-4.506857299804687500e+02
-4.514626159667968750e+02
-4.437195434570312500e+02
-4.416728515625000000e+02
-4.518845825195312500e+02
-4.741852111816406250e+02
-4.432278747558593750e+02
-4.880122680664062500e+02
-4.654547729492187500e+02
-5.482277221679687500e+02
-5.376289672851562500e+02
-4.418418579101562500e+02
-4.416057739257812500e+02
-5.463838500976562500e+02
-4.422692871093750000e+02
-4.426821899414062500e+02
-4.498191528320312500e+02
-4.488450927734375000e+02
-5.142896728515625000e+02
-4.525429687500000000e+02
-4.434581909179687500e+02
-5.515847167968750000e+02
-5.449780273437500000e+02
-4.416065979003906250e+02
-4.434788513183593750e+02
-5.377790527343750000e+02
-5.391394042968750000e+02
-4.551102294921875000e+02
-5.358057861328125000e+02
-4.526489868164062500e+02
-4.449920654296875000e+02
-4.415948486328125000e+02
-5.501009521484375000e+02
-4.440681762695312500e+02
-4.417609252929687500e+02
-5.091580200195312500e+02
-5.192989501953125000e+02
-4.415948181152343750e+02
-4.723692626953125000e+02
-4.553484497070312500e+02
-4.415952758789062500e+02
-4.416023559570312500e+02
-5.447313232421875000e+02
-4.961957092285156250e+02
-4.854320983886718750e+02
-4.417852172851562500e+02
-4.416222229003906250e+02
-4.707375183105468750e+02
-4.593096313476562500e+02
-5.136400146484375000e+02
-4.551451110839843750e+02
-4.457337646484375000e+02
-5.085450744628906250e+02
-4.845783081054687500e+02
-4.427810668945312500e+02
-5.468489990234375000e+02
-5.281983032226562500e+02
-5.515217285156250000e+02
-4.923489685058593750e+02
-4.423355712890625000e+02
-5.515165405273437500e+02
-5.419708862304687500e+02
-4.432095947265625000e+02
-4.422599182128906250e+02
-5.505383300781250000e+02
-4.495996093750000000e+02
-4.433313293457031250e+02
-5.515921020507812500e+02
-4.416565856933593750e+02
-5.466376342773437500e+02
-5.007924194335937500e+02
-4.417027893066406250e+02
-4.828115234375000000e+02
-4.480175476074218750e+02
-4.431581726074218750e+02
-4.416686706542968750e+02
-4.418890075683593750e+02
-4.540622863769531250e+02
-4.416128234863281250e+02
-5.131121215820312500e+02
-4.776855773925781250e+02
-4.580056762695312500e+02
-4.442864990234375000e+02
-4.415993652343750000e+02
-5.100993957519531250e+02
-5.512263793945312500e+02
-5.430422363281250000e+02
-4.444023437500000000e+02
-4.418890991210937500e+02
-5.162867431640625000e+02
-5.419341430664062500e+02
-5.022924194335937500e+02
-5.201904296875000000e+02
-4.651455078125000000e+02
-4.553517456054687500e+02
-5.148201904296875000e+02
-4.418244628906250000e+02
-5.199017944335937500e+02
-5.505527343750000000e+02
-4.958047790527343750e+02
-5.484813232421875000e+02
-4.415962829589843750e+02
-5.465942382812500000e+02
-5.441844482421875000e+02
-5.514058837890625000e+02
-5.452865600585937500e+02
-4.494695739746093750e+02
-5.501985473632812500e+02
-4.765539245605468750e+02
-4.421429443359375000e+02
-4.417127075195312500e+02
-5.514322509765625000e+02
-4.528431701660156250e+02
-5.393404541015625000e+02
-4.418764648437500000e+02
-4.761725463867187500e+02
-5.273677368164062500e+02
-4.890714721679687500e+02
-4.584576721191406250e+02
-5.379312744140625000e+02
-4.951775207519531250e+02
-4.773587036132812500e+02
-5.415842285156250000e+02
-5.109300537109375000e+02
-4.415946960449218750e+02
-4.420121765136718750e+02
-5.492602539062500000e+02
-5.176303100585937500e+02
-4.416016540527343750e+02
-5.513471679687500000e+02
-4.437922973632812500e+02
-4.416016235351562500e+02
-4.417679138183593750e+02
-4.540379638671875000e+02
-4.415952758789062500e+02
-5.481677246093750000e+02
-4.440631103515625000e+02
-4.418352355957031250e+02
-4.573298950195312500e+02
-5.218916015625000000e+02
-4.421570434570312500e+02
-5.496738281250000000e+02
-4.418055114746093750e+02
-5.434916381835937500e+02
-4.448264160156250000e+02
-4.419608764648437500e+02
-4.439419555664062500e+02
-5.509771728515625000e+02
-4.421265258789062500e+02
-4.428989562988281250e+02
-4.780148010253906250e+02
-4.433494567871093750e+02
-4.810930786132812500e+02
-5.038059387207031250e+02
-4.895507812500000000e+02
-4.732647705078125000e+02
-4.658708190917968750e+02
-5.400989990234375000e+02
-5.384659423828125000e+02
-4.416721801757812500e+02
-4.547439880371093750e+02
-4.415948486328125000e+02
-4.415969238281250000e+02
-5.337993164062500000e+02
-4.467385864257812500e+02
-4.420747985839843750e+02
-5.444035644531250000e+02
-5.354631347656250000e+02
-5.515897216796875000e+02
-4.971180114746093750e+02
-4.822024841308593750e+02
-5.506700439453125000e+02
-4.936018371582031250e+02
-4.417666625976562500e+02
-4.423545837402343750e+02
-4.415975341796875000e+02
-4.660689086914062500e+02
-4.795227661132812500e+02
-4.416156616210937500e+02
-4.985107727050781250e+02
-5.270963134765625000e+02
-4.583555908203125000e+02
-4.416268920898437500e+02
-4.424978637695312500e+02
-4.942550354003906250e+02
-5.453298339843750000e+02
-4.438294982910156250e+02
-5.468914794921875000e+02
-4.506859741210937500e+02
-5.400994873046875000e+02
-5.027500305175781250e+02
-4.420230712890625000e+02
-4.419177856445312500e+02
-4.674138488769531250e+02
-4.416359863281250000e+02
-4.441201171875000000e+02
-4.416185302734375000e+02
-5.492943725585937500e+02
-4.426907348632812500e+02
-4.416192321777343750e+02
-4.415982666015625000e+02
-4.419144897460937500e+02
-5.508580322265625000e+02
-4.470359497070312500e+02
-4.587333068847656250e+02
-4.416020507812500000e+02
-4.416143188476562500e+02
-4.416842651367187500e+02
-5.515491333007812500e+02
-4.415949707031250000e+02
-5.041074829101562500e+02
-4.541846923828125000e+02
-4.418491210937500000e+02
-5.499774169921875000e+02
-4.416393432617187500e+02
-4.439454345703125000e+02
-4.417369995117187500e+02
-4.416162109375000000e+02
-5.173856201171875000e+02
-4.632119140625000000e+02
-5.504047851562500000e+02
-4.661682739257812500e+02
-4.716507568359375000e+02
-5.092094116210937500e+02
-5.198124389648437500e+02
-4.416278686523437500e+02
-4.777973022460937500e+02
-4.473139648437500000e+02
-4.700364685058593750e+02
-4.787498474121093750e+02
-5.515943603515625000e+02
-4.447252502441406250e+02
-5.454530639648437500e+02
-5.511683959960937500e+02
-5.162163696289062500e+02
-4.579049072265625000e+02
-4.435096130371093750e+02
-4.415979614257812500e+02
-4.420807495117187500e+02
-4.663466186523437500e+02
-5.426820068359375000e+02
-5.388205566406250000e+02
-4.418321533203125000e+02
-4.427702941894531250e+02
-4.415947265625000000e+02
-4.419813232421875000e+02
-4.567805786132812500e+02
-4.415953979492187500e+02
-4.415950317382812500e+02
-5.469831542968750000e+02
-4.435916137695312500e+02
-5.413927001953125000e+02
-5.460632324218750000e+02
-4.438651123046875000e+02
-4.416131591796875000e+02
-4.427652587890625000e+02
-5.486630859375000000e+02
-5.416309814453125000e+02
-4.417102050781250000e+02
-4.438353576660156250e+02
-4.417232666015625000e+02
-4.416710815429687500e+02
-5.266510009765625000e+02
-4.415946960449218750e+02
-4.416151733398437500e+02
-5.424852905273437500e+02
-5.140629272460937500e+02
-4.421713256835937500e+02
-5.512963867187500000e+02
-5.430255126953125000e+02
-4.420111694335937500e+02
-4.415961914062500000e+02
-4.417422485351562500e+02
-5.515764770507812500e+02
-5.515772705078125000e+02
-5.357197875976562500e+02
-4.735866088867187500e+02
-4.448679199218750000e+02
-4.743605346679687500e+02
-4.419950561523437500e+02
-4.415957031250000000e+02
-5.023219299316406250e+02
-5.392636718750000000e+02
-5.094816284179687500e+02
-4.471863708496093750e+02
-5.168630371093750000e+02
-5.515827026367187500e+02
-4.416427001953125000e+02
-5.255474243164062500e+02
-4.416607055664062500e+02
-4.416143188476562500e+02
-4.416047973632812500e+02
-5.083441772460937500e+02
-4.475615234375000000e+02
-4.575210876464843750e+02
-4.427078857421875000e+02
-4.455017089843750000e+02
-5.345090332031250000e+02
-5.441043701171875000e+02
-4.852844238281250000e+02
-5.496342773437500000e+02
-4.424048767089843750e+02
-4.435287475585937500e+02
-4.416072082519531250e+02
-4.550517272949218750e+02
-5.210314941406250000e+02
-4.425370178222656250e+02
-5.057274780273437500e+02
-5.504886474609375000e+02
-4.590034179687500000e+02
-4.461724853515625000e+02
-5.179763183593750000e+02
-4.846882324218750000e+02
-4.419261169433593750e+02
-4.434696350097656250e+02
