5.458011150360107422e+00 9.819621086120605469e+00
-7.132355690002441406e+00 -7.688440799713134766e+00
-4.600082874298095703e+00 -5.378273963928222656e+00
1.052587699890136719e+01 1.063685989379882812e+01
-2.017084121704101562e+00 -1.253881645202636719e+01
-6.014001846313476562e+00 -6.489711761474609375e+00
-5.289323329925537109e+00 1.021025276184082031e+01
4.201195716857910156e+00 7.369421005249023438e+00
-8.361249923706054688e+00 -6.899049878120422363e-01
-8.108370780944824219e+00 6.039538383483886719e+00
-3.678553104400634766e+00 4.706683158874511719e+00
-1.050984001159667969e+01 -6.385638713836669922e+00
7.621430873870849609e+00 2.139953422546386719e+01
5.983525276184082031e+00 -1.372855186462402344e+00
-1.290248870849609375e+00 6.793499469757080078e+00
-2.984041690826416016e+00 -7.029127120971679688e+00
2.874852418899536133e+00 1.448313593864440918e+00
-7.704902172088623047e+00 4.805684566497802734e+00
6.730735778808593750e+00 9.230608940124511719e+00
-4.169395446777343750e+00 1.269308185577392578e+01
-1.374430751800537109e+01 -1.274470520019531250e+01
4.180579662322998047e+00 2.030624866485595703e+00
-1.684023261070251465e+00 6.824799060821533203e+00
2.832068204879760742e+00 -2.555572891235351562e+01
7.351765632629394531e+00 1.757241439819335938e+01
-1.301232814788818359e+01 -2.958473920822143555e+00
1.397461175918579102e+00 9.305258750915527344e+00
-7.743310928344726562e+00 -7.045603752136230469e+00
-2.137902069091796875e+01 1.303508758544921875e+01
-1.404495334625244141e+01 -1.118582153320312500e+01
-7.983674526214599609e+00 1.335132980346679688e+01
3.696382284164428711e+00 1.668564987182617188e+01
6.058164596557617188e+00 -3.807816267013549805e+00
1.243573093414306641e+01 -6.147523880004882812e+00
-2.068166351318359375e+01 -3.898333072662353516e+00
-3.680429697036743164e+00 -1.210805892944335938e+01
-3.502702236175537109e+00 9.623262405395507812e+00
7.983527183532714844e+00 -1.042794322967529297e+01
1.110793590545654297e+01 -1.950152587890625000e+01
3.889860153198242188e+00 5.056871891021728516e+00
2.323832321166992188e+01 -1.727526664733886719e+01
-1.419751739501953125e+01 -7.406165599822998047e+00
-4.147969245910644531e+00 3.831126451492309570e+00
7.566767215728759766e+00 -9.143153190612792969e+00
-1.956572151184082031e+01 -8.030439376831054688e+00
-1.432858556509017944e-01 -7.847438335418701172e+00
-4.789461195468902588e-02 1.033620595932006836e+00
1.460211944580078125e+01 1.728245162963867188e+01
-1.408075237274169922e+01 9.796842575073242188e+00
-1.215302944183349609e+01 6.370455741882324219e+00
-1.372661972045898438e+01 2.669300556182861328e+00
-3.976772308349609375e+00 -3.751503944396972656e+00
-8.921354293823242188e+00 -2.272648572921752930e+00
9.025442123413085938e+00 3.020867156982421875e+01
7.451055526733398438e+00 -3.292849063873291016e+00
-1.499497032165527344e+01 -5.921469211578369141e+00
3.314983606338500977e+00 -6.176156520843505859e+00
5.885072708129882812e+00 -9.608716964721679688e+00
8.548184394836425781e+00 2.856636524200439453e+00
1.070172691345214844e+01 -1.744525718688964844e+01
-1.325162124633789062e+01 1.336722373962402344e+01
4.270905971527099609e+00 7.995048046112060547e+00
-9.490851402282714844e+00 7.012490749359130859e+00
-1.316888332366943359e+01 -9.487780570983886719e+00
1.942222023010253906e+01 -2.484284591674804688e+01
-7.688571929931640625e+00 -3.619076013565063477e+00
3.140865802764892578e+00 -1.195291399955749512e+00
-2.173168659210205078e+00 -1.278411102294921875e+01
-1.567937374114990234e+00 5.650901317596435547e+00
5.517665863037109375e+00 5.416241645812988281e+00
3.473053216934204102e+00 1.569474411010742188e+01
7.246088504791259766e+00 -4.439615249633789062e+00
-3.312770366668701172e+00 6.413331508636474609e+00
3.472854614257812500e+00 7.803743362426757812e+00
-6.374242305755615234e-01 3.302582263946533203e+00
3.604239463806152344e+00 -1.980245780944824219e+01
8.712232589721679688e+00 -9.850984811782836914e-01
-1.477701759338378906e+01 2.100136518478393555e+00
-1.785308837890625000e+00 -4.752456665039062500e+00
4.037277221679687500e+00 1.920348167419433594e+00
-1.488626575469970703e+01 -2.210730361938476562e+01
1.124699711799621582e+00 1.050876045227050781e+01
-7.532253265380859375e+00 1.772487068176269531e+01
1.208625411987304688e+01 5.253189086914062500e+00
-1.519186878204345703e+01 -1.757847189903259277e+00
-4.964697837829589844e+00 1.243505668640136719e+01
4.979629039764404297e+00 4.291275978088378906e+00
8.076103210449218750e+00 1.109082984924316406e+01
2.686455011367797852e+00 1.816088557243347168e+00
-9.677473068237304688e+00 4.445136070251464844e+00
-1.119674491882324219e+01 -4.419558525085449219e+00
2.918893694877624512e-01 1.275413990020751953e+01
-6.328063488006591797e+00 -6.689825057983398438e+00
-2.429462194442749023e+00 1.103410720825195312e+01
4.744689941406250000e+00 -2.021924209594726562e+01
-9.898539543151855469e+00 -1.058490657806396484e+01
1.115598487854003906e+01 -2.818332862854003906e+01
7.411506652832031250e+00 -1.526144409179687500e+01
9.238849639892578125e+00 8.781602859497070312e+00
1.074652671813964844e+01 -9.418550133705139160e-01
8.447282791137695312e+00 9.207848548889160156e+00
-1.958295440673828125e+01 -4.286072254180908203e+00
6.123562812805175781e+00 -7.849746227264404297e+00
8.045860290527343750e+00 3.803247451782226562e+00
-1.170274734497070312e+01 2.102062988281250000e+01
-1.049803733825683594e+01 -1.748358535766601562e+01
1.354625511169433594e+01 2.053102552890777588e-01
-5.747083663940429688e+00 9.858116149902343750e+00
-1.201528358459472656e+01 -1.002378940582275391e+01
4.356739044189453125e+00 2.504600286483764648e+00
2.189500570297241211e+00 6.091771602630615234e+00
-1.126044845581054688e+01 1.013898277282714844e+01
-3.028020381927490234e+00 -6.228537559509277344e+00
1.919530034065246582e+00 5.330443859100341797e+00
8.918165206909179688e+00 -1.959349060058593750e+01
-1.982749176025390625e+01 -4.587534427642822266e+00
6.726748943328857422e+00 -1.118578338623046875e+01
-1.623418211936950684e+00 2.047646760940551758e+00
-1.362457466125488281e+01 -8.588648796081542969e+00
4.616308212280273438e+00 5.494262695312500000e+00
8.059038162231445312e+00 -1.382143592834472656e+01
-2.252328157424926758e+00 6.006922721862792969e+00
-2.586516380310058594e+00 -1.235080337524414062e+01
-1.281703114509582520e+00 -7.295883178710937500e+00
-1.168170738220214844e+01 5.981037616729736328e+00
-3.486392199993133545e-01 -1.677233505249023438e+01
6.241804122924804688e+00 -3.617760896682739258e+00
-1.303731727600097656e+01 -4.096738338470458984e+00
-7.853276729583740234e+00 1.275648355484008789e+00
-3.966786265373229980e-01 1.312261962890625000e+01
-2.738148927688598633e+00 6.220598220825195312e+00
5.614567995071411133e-01 1.938979864120483398e+00
5.413802266120910645e-01 -3.724375963211059570e+00
1.062680006027221680e+00 -1.836862754821777344e+01
-1.015656566619873047e+01 -4.983159899711608887e-01
1.227312088012695312e+01 2.559679412841796875e+01
5.269846916198730469e+00 -7.200598239898681641e+00
1.249192237854003906e+01 8.143976926803588867e-01
-1.268784046173095703e+01 -4.270750999450683594e+00
-5.070341110229492188e+00 5.789163112640380859e+00
-9.804227828979492188e+00 4.734266281127929688e+00
1.018251895904541016e+00 1.454011201858520508e+00
-7.746217250823974609e+00 6.886840343475341797e+00
-3.708055257797241211e+00 4.812107563018798828e+00
5.666630268096923828e+00 -6.085850715637207031e+00
-1.306598472595214844e+01 5.845303058624267578e+00
-1.160985851287841797e+01 8.690804481506347656e+00
7.945849895477294922e+00 -3.329900503158569336e-01
1.468089485168457031e+01 -4.602237701416015625e+00
2.321338462829589844e+01 1.033899784088134766e+01
-2.468919277191162109e+00 1.779788208007812500e+01
5.824938774108886719e+00 4.378946781158447266e+00
4.134994506835937500e+00 -4.339047431945800781e+00
1.217012166976928711e+00 9.578923225402832031e+00
4.724161148071289062e+00 4.284943103790283203e+00
4.402689456939697266e+00 -1.322006797790527344e+01
-9.589183807373046875e+00 1.309609508514404297e+01
-1.248480033874511719e+01 1.241313338279724121e+00
4.138941287994384766e+00 -6.098306775093078613e-01
-9.095241546630859375e+00 7.981166362762451172e+00
3.919872760772705078e+00 -9.031299591064453125e+00
6.600825786590576172e+00 1.989000320434570312e+01
8.835531234741210938e+00 -1.150615787506103516e+01
-1.230786323547363281e+01 6.265283226966857910e-01
1.718354797363281250e+01 -5.958863258361816406e+00
-6.915803909301757812e+00 -5.123800754547119141e+00
-5.029286384582519531e+00 -7.614292144775390625e+00
-4.203269481658935547e+00 1.218768215179443359e+01
1.475576496124267578e+01 -6.536557674407958984e+00
-7.535211563110351562e+00 -1.841457366943359375e+01
7.462983131408691406e-01 -1.702781295776367188e+01
4.065361499786376953e+00 6.759298324584960938e+00
1.232358932495117188e+01 -6.949458122253417969e+00
2.049647521972656250e+01 -3.469259738922119141e+00
-7.645027160644531250e+00 -3.545568227767944336e+00
1.551297426223754883e+00 -1.926183938980102539e+00
-1.728439903259277344e+01 2.437079238891601562e+01
4.358059763908386230e-01 -1.276989078521728516e+01
1.190599918365478516e+01 -1.807083368301391602e+00
-2.655239868164062500e+01 -1.145221471786499023e+00
-1.211755371093750000e+01 1.526542091369628906e+01
-3.481985092163085938e+00 3.699261665344238281e+00
-7.596488475799560547e+00 -6.222879409790039062e+00
-3.722656965255737305e-01 3.207385778427124023e+00
-5.512970924377441406e+00 -8.477569580078125000e+00
6.388825416564941406e+00 1.764829635620117188e+01
7.515459060668945312e-01 6.440716743469238281e+00
-1.149813747406005859e+01 1.933066940307617188e+01
1.700334930419921875e+01 5.692227363586425781e+00
-3.302223443984985352e+00 1.866259765625000000e+01
-7.220416545867919922e+00 9.816858291625976562e+00
2.758667469024658203e+00 2.031089782714843750e+01
9.706173896789550781e+00 -1.878552913665771484e+00
-9.127585411071777344e+00 7.520894050598144531e+00
1.901776504516601562e+01 6.016268253326416016e+00
-1.119822978973388672e+01 -9.648031234741210938e+00
9.638542175292968750e+00 -6.053412437438964844e+00
-2.462265253067016602e+00 -1.168899631500244141e+01
1.579754066467285156e+01 9.704228639602661133e-01
3.998887777328491211e+00 -1.838252449035644531e+01
-4.309693336486816406e+00 -6.958064556121826172e+00
1.598321914672851562e+00 -9.117563247680664062e+00
-6.565535068511962891e+00 -5.793613910675048828e+00
-1.186518478393554688e+01 4.476162433624267578e+00
-1.902942895889282227e+00 5.115082263946533203e+00
-1.126766443252563477e+00 2.311034917831420898e+00
8.774082183837890625e+00 1.428940868377685547e+01
3.973177909851074219e+00 1.547792911529541016e+01
-7.864084720611572266e+00 -1.161989688873291016e+01
4.526384353637695312e+00 7.339341640472412109e+00
1.751230835914611816e+00 -3.281128406524658203e+00
4.275415897369384766e+00 4.789975166320800781e+00
1.790099906921386719e+01 -1.315189480781555176e+00
-2.046880960464477539e+00 2.737280368804931641e+00
-9.108963966369628906e+00 1.157761096954345703e+01
-1.494667053222656250e+01 -1.055125331878662109e+01
1.117112580686807632e-02 1.800242042541503906e+01
-1.547550296783447266e+01 1.154322528839111328e+01
1.174577713012695312e+01 -6.079674720764160156e+00
-3.231301069259643555e+00 7.935151576995849609e+00
5.918706893920898438e+00 2.754775285720825195e+00
2.083281326293945312e+01 8.025284767150878906e+00
-9.404730796813964844e+00 -4.939978599548339844e+00
-1.697940444946289062e+01 1.073987483978271484e+01
7.137541770935058594e-01 -1.211972141265869141e+01
-8.781591415405273438e+00 1.333295726776123047e+01
1.160980415344238281e+01 -7.191817760467529297e+00
-1.945582199096679688e+01 6.252820968627929688e+00
-5.278324604034423828e+00 1.674002707004547119e-01
8.728908538818359375e+00 -4.817733764648437500e+00
-1.231773471832275391e+01 5.216156005859375000e+00
-3.821113586425781250e+00 -1.240700125694274902e+00
5.767444372177124023e-01 -1.741886520385742188e+01
-9.922893524169921875e+00 -2.120960426330566406e+01
6.490910053253173828e+00 8.137007713317871094e+00
1.932994365692138672e+00 -2.779417634010314941e-01
2.541291046142578125e+01 -7.611199378967285156e+00
7.381209373474121094e+00 1.578392028808593750e+01
-1.560464382171630859e+01 2.500782012939453125e+01
-5.073957920074462891e+00 -9.658076286315917969e+00
-1.349302291870117188e+01 -8.472083091735839844e+00
-4.358864307403564453e+00 -7.047800064086914062e+00
1.095494842529296875e+01 -1.355109453201293945e+00
1.701898574829101562e+00 1.078090429306030273e+00
7.085564613342285156e+00 -7.281361579895019531e+00
-6.488546371459960938e+00 9.265736579895019531e+00
-2.892897367477416992e+00 -7.892416954040527344e+00
-1.177067184448242188e+01 8.689169585704803467e-02
5.763053894042968750e-01 -1.130306720733642578e+01
3.499736547470092773e+00 1.358777999877929688e+01
-3.018304824829101562e+00 -9.948999404907226562e+00
-1.774067163467407227e+00 9.255487442016601562e+00
5.819245338439941406e+00 -1.920473861694335938e+01
-9.230596423149108887e-01 1.695139288902282715e+00
-1.249232673645019531e+01 -2.097798156738281250e+01
1.382097053527832031e+01 9.548638343811035156e+00
-1.370892620086669922e+01 -1.038791561126708984e+01
2.900922775268554688e+00 -7.333478450775146484e+00
-1.730671119689941406e+01 1.108893775939941406e+01
-5.244222283363342285e-01 1.338324737548828125e+01
-4.259139060974121094e+00 -8.325409889221191406e+00
1.749719238281250000e+01 1.278952789306640625e+01
-1.260462254285812378e-01 -1.729580283164978027e+00
-2.959433794021606445e+00 9.104120135307312012e-01
2.159265995025634766e+00 -1.083766174316406250e+01
1.573932075500488281e+01 7.899656295776367188e-01
-9.101996421813964844e+00 2.254774570465087891e+00
1.177597522735595703e+00 8.817398071289062500e+00
-8.289858102798461914e-01 1.586802577972412109e+01
-5.448434352874755859e+00 -4.046448469161987305e-01
-5.145993232727050781e+00 -3.126070976257324219e+00
4.712087631225585938e+00 5.868268489837646484e+00
-1.562657356262207031e+01 1.776014685630798340e+00
5.549297809600830078e+00 -3.451094388961791992e+00
-7.569499492645263672e+00 4.228914737701416016e+00
-2.010840225219726562e+01 2.083218765258789062e+01
7.789566993713378906e+00 -2.365967559814453125e+01
1.546088337898254395e+00 -2.274456024169921875e+00
-5.670149326324462891e-01 1.693815422058105469e+01
-7.893297672271728516e+00 -1.638125801086425781e+01
7.821378231048583984e+00 -3.890872001647949219e+00
2.858081102371215820e+00 -9.938746452331542969e+00
8.558336257934570312e+00 1.708838653564453125e+01
-8.246677398681640625e+00 -3.896400451660156250e+00
-1.305862545967102051e+00 -2.043034553527832031e+01
-3.414635658264160156e-01 -5.975985050201416016e+00
-2.300041675567626953e+00 2.943949460983276367e+00
-1.082072734832763672e+01 -5.514242649078369141e+00
-3.373539447784423828e+00 6.096102714538574219e+00
-8.478274345397949219e+00 -1.075604248046875000e+01
3.216736793518066406e+00 -1.034014129638671875e+01
-8.643898963928222656e+00 4.534440040588378906e+00
-9.588666915893554688e+00 8.966949462890625000e+00
-3.774176836013793945e+00 -1.991543769836425781e+00
-1.766025733947753906e+01 6.358196735382080078e-01
-6.088270545005798340e-01 7.471415519714355469e+00
-7.622702121734619141e+00 3.230665206909179688e+00
4.852005481719970703e+00 5.913074493408203125e+00
-1.058974361419677734e+01 -3.428931713104248047e+00
-3.671955823898315430e+00 -3.776173591613769531e+00
1.128675460815429688e+01 -5.687050819396972656e+00
1.675800704956054688e+01 5.453467845916748047e+00
2.055243301391601562e+01 1.330952453613281250e+01
1.093691062927246094e+01 1.605670452117919922e+00
-7.307869911193847656e+00 2.668947219848632812e+00
9.233078002929687500e+00 -1.549048805236816406e+01
1.083992195129394531e+01 -1.402618312835693359e+01
-1.274532127380371094e+01 9.367871284484863281e+00
-1.788843870162963867e+00 1.611648941040039062e+01
5.075900077819824219e+00 1.986876010894775391e+00
-1.533169150352478027e+00 7.106373310089111328e-01
-1.369990921020507812e+01 -5.460796356201171875e+00
-5.706036567687988281e+00 9.912343978881835938e+00
1.565061187744140625e+01 4.263239383697509766e+00
-1.964862251281738281e+01 4.244298458099365234e+00
-9.939247369766235352e-01 1.245735168457031250e+01
8.964060783386230469e+00 -2.066371679306030273e+00
1.107666778564453125e+01 4.864860534667968750e+00
1.827866077423095703e+00 2.412271261215209961e+00
1.836639046669006348e+00 7.384879112243652344e+00
-4.792488574981689453e+00 1.039245700836181641e+01
-1.211529850959777832e+00 1.647329139709472656e+01
5.839450359344482422e-01 1.689746093750000000e+01
-6.678605079650878906e+00 6.437539100646972656e+00
1.456722450256347656e+01 1.420075798034667969e+01
1.120297241210937500e+01 2.083346176147460938e+01
-2.951609611511230469e+00 -2.291506004333496094e+01
-2.230282020568847656e+01 1.633568191528320312e+01
4.529535293579101562e+00 -7.805576324462890625e+00
1.161528015136718750e+01 -7.658573985099792480e-01
-5.988724231719970703e+00 -8.912513732910156250e+00
6.302740573883056641e+00 4.785084724426269531e+00
-5.040972232818603516e+00 -8.568708419799804688e+00
-3.282549619674682617e+00 1.689871788024902344e+00
-8.182431221008300781e+00 1.351384162902832031e+00
-1.627261787652969360e-01 1.466857910156250000e+00
6.741147518157958984e+00 3.402037858963012695e+00
4.922699928283691406e-01 -1.763171577453613281e+01
1.197065734863281250e+01 -1.584553337097167969e+01
2.582913875579833984e+00 1.406637573242187500e+01
-1.228483009338378906e+01 2.155552387237548828e+00
-3.877902984619140625e+00 -1.263521385192871094e+01
-8.093090057373046875e+00 6.834181547164916992e-01
9.435334205627441406e+00 -1.631182289123535156e+01
1.919750022888183594e+01 1.288793087005615234e+01
-3.081286191940307617e+00 -1.279998123645782471e-01
1.417929458618164062e+01 4.688603878021240234e+00
6.312002658843994141e+00 -1.102930831909179688e+01
-8.669941902160644531e+00 1.210129642486572266e+01
1.159232711791992188e+01 1.703413200378417969e+01
1.442176818847656250e+01 -9.184113144874572754e-01
2.821441650390625000e+00 -1.259990501403808594e+01
1.385692691802978516e+01 -1.021121788024902344e+01
-7.526903152465820312e+00 -1.829045104980468750e+01
-9.902535438537597656e+00 7.621702194213867188e+00
-1.053928852081298828e+01 1.021213293075561523e+00
9.842525482177734375e+00 9.852639198303222656e+00
-9.555683135986328125e-01 -5.616940498352050781e+00
5.524090766906738281e+00 -1.348236560821533203e+00
8.054752349853515625e+00 7.839543819427490234e+00
1.463671207427978516e+01 4.077285289764404297e+00
-1.090345478057861328e+01 -1.113284111022949219e+01
-4.222810566425323486e-01 -2.010244846343994141e+00
1.327121973037719727e+00 -1.631653022766113281e+01
-3.134498357772827148e+00 2.409254550933837891e+00
2.467841386795043945e+00 -4.086031764745712280e-02
4.460559368133544922e+00 -6.065876483917236328e+00
-1.135023474693298340e+00 -7.560835361480712891e+00
9.632587432861328125e-01 1.271146202087402344e+01
-3.481689691543579102e+00 -1.201106929779052734e+01
-1.437347793579101562e+01 2.449762105941772461e+00
3.824317693710327148e+00 -5.641314506530761719e+00
-6.795287132263183594e+00 -1.353499603271484375e+01
1.605356216430664062e+01 -7.496114253997802734e+00
4.274356365203857422e+00 2.880589962005615234e+00
1.106024932861328125e+01 -4.390470504760742188e+00
-2.129630804061889648e+00 4.607325077056884766e+00
6.892972946166992188e+00 -6.171658515930175781e+00
-2.728581428527832031e+00 1.007509040832519531e+01
2.658534288406372070e+00 -6.426230430603027344e+00
-1.297604179382324219e+01 3.324287796020507812e+01
3.351576566696166992e+00 -3.212242126464843750e+01
1.082833099365234375e+01 6.136217117309570312e+00
-1.325303554534912109e+01 4.704416275024414062e+00
-7.669173240661621094e+00 2.675811052322387695e+00
1.322085618972778320e+00 2.670169830322265625e+00
-8.961749076843261719e+00 -1.620092201232910156e+01
-2.296142101287841797e+00 -4.168601036071777344e+00
-2.396189451217651367e+00 9.022571563720703125e+00
1.591081023216247559e+00 3.748272895812988281e+00
9.033655166625976562e+00 -6.577758312225341797e+00
-2.007429122924804688e+00 6.212657094001770020e-01
5.467705249786376953e+00 -3.390064001083374023e+00
-5.753595829010009766e+00 -1.208838558197021484e+01
9.210938453674316406e+00 1.419087886810302734e+01
-8.949783444404602051e-02 -1.416743993759155273e+00
1.034992313385009766e+01 1.074043631553649902e+00
4.583812355995178223e-01 2.476840782165527344e+01
8.265294075012207031e+00 -9.024213790893554688e+00
5.648219585418701172e+00 -6.292291641235351562e+00
2.488893032073974609e+00 1.201182460784912109e+01
1.106703376770019531e+01 -1.999808120727539062e+01
6.484984397888183594e+00 -9.689687728881835938e+00
1.654020881652832031e+01 -1.810202980041503906e+01
-2.102634239196777344e+01 7.252721786499023438e+00
1.178090095520019531e+01 6.593222618103027344e-01
8.067121505737304688e+00 1.618639111518859863e+00
-7.120185375213623047e+00 6.785859584808349609e+00
-8.182048797607421875e-01 -1.153319168090820312e+01
1.896709251403808594e+01 -8.954476356506347656e+00
4.924321174621582031e+00 -2.162738418579101562e+01
1.918682575225830078e+00 1.604745674133300781e+01
2.105808448791503906e+01 -1.190670013427734375e+01
-5.996313095092773438e+00 -1.547832727432250977e+00
2.149559974670410156e+01 5.211058616638183594e+00
-1.274743938446044922e+01 -9.951834678649902344e+00
-4.935431003570556641e+00 -3.741999816894531250e+01
1.331543445587158203e+01 -9.088533401489257812e+00
-2.123517513275146484e+00 -3.716504573822021484e+00
-5.823523998260498047e+00 -1.133643722534179688e+01
1.244000911712646484e+01 1.993014335632324219e+00
-4.333247184753417969e+00 -1.606127142906188965e+00
3.998471260070800781e+00 6.659063339233398438e+00
-1.132630443572998047e+01 -1.129978752136230469e+01
-2.057791519165039062e+01 3.878752946853637695e+00
6.006882190704345703e+00 -2.778685569763183594e+00
-1.564315319061279297e+01 -5.197337150573730469e+00
8.970751762390136719e+00 8.109323501586914062e+00
2.226306200027465820e+00 -1.936898422241210938e+01
2.946639060974121094e+00 4.598516821861267090e-01
6.795034408569335938e-01 -2.048761177062988281e+01
5.308384418487548828e+00 -7.544880390167236328e+00
2.337159961462020874e-01 1.781031847000122070e+00
-1.560258960723876953e+01 1.507462406158447266e+01
-1.838863563537597656e+01 -1.121713638305664062e+00
-8.395650863647460938e+00 1.731612205505371094e+01
-1.200865650177001953e+01 -2.608383178710937500e+01
9.305790901184082031e+00 -1.560263156890869141e+01
1.407505607604980469e+01 6.097753047943115234e+00
1.702806854248046875e+01 1.340163230895996094e+01
-1.669418716430664062e+01 8.197614669799804688e+00
-6.985243797302246094e+00 -3.630096435546875000e+00
-4.890521526336669922e+00 7.120511531829833984e+00
-3.815550565719604492e+00 4.088978290557861328e+00
-2.915329360961914062e+01 7.910058021545410156e+00
-1.583661317825317383e+00 -8.019902706146240234e-01
-4.384796023368835449e-01 1.139076042175292969e+01
1.048715829849243164e+00 -9.594552993774414062e+00
6.465432047843933105e-01 -1.605664730072021484e+00
-8.448188781738281250e+00 -8.460568428039550781e+00
-1.763639330863952637e+00 2.512410163879394531e+00
2.971573114395141602e+00 9.124642372131347656e+00
-4.661341667175292969e+00 -6.128451824188232422e+00
-7.823206901550292969e+00 -9.575815200805664062e+00
1.345656037330627441e+00 -1.940506172180175781e+01
-9.293410301208496094e+00 -1.980916142463684082e+00
6.691854000091552734e+00 -1.626812362670898438e+01
6.876083374023437500e+00 1.397596478462219238e+00
-6.796634197235107422e+00 -3.511287927627563477e+00
6.032803535461425781e+00 -4.913550853729248047e+00
-2.039931488037109375e+01 4.376095294952392578e+00
-1.680839729309082031e+01 -6.008698940277099609e+00
-3.909982442855834961e-01 -2.607757568359375000e+01
-1.331524252891540527e+00 5.005099296569824219e+00
7.197109222412109375e+00 -1.225143337249755859e+01
-1.640297698974609375e+01 7.190667152404785156e+00
-3.179095029830932617e+00 1.861676025390625000e+01
5.072855472564697266e+00 1.273586750030517578e-01
9.150397300720214844e+00 2.886988639831542969e+00
8.663710594177246094e+00 1.124342679977416992e-01
4.073500156402587891e+00 1.491552162170410156e+01
-8.120085000991821289e-01 -1.668430709838867188e+01
-9.830600738525390625e+00 4.183787345886230469e+00
1.701296567916870117e+00 8.246289253234863281e+00
9.909853935241699219e+00 -4.734721660614013672e+00
-4.603100299835205078e+00 1.138320922851562500e+01
9.639986991882324219e+00 -9.304264068603515625e+00
-2.030000686645507812e+01 2.060102462768554688e+01
-8.864189147949218750e+00 6.217577457427978516e+00
1.073636150360107422e+01 4.596324443817138672e+00
-3.018173933029174805e+00 1.074156522750854492e+00
-2.639294862747192383e+00 7.283486366271972656e+00
-6.249160766601562500e+00 -7.020835876464843750e+00
-7.547306537628173828e+00 7.024811744689941406e+00
3.654327392578125000e-01 7.381264686584472656e+00
-2.594521999359130859e+00 -2.982254266738891602e+00
-1.009429073333740234e+01 -1.119106101989746094e+01
-1.380262565612792969e+01 -7.577317953109741211e-01
-8.662647247314453125e+00 4.106180191040039062e+00
1.929606246948242188e+01 2.552574539184570312e+01
-8.780433654785156250e+00 -2.924730777740478516e+00
-1.742793083190917969e+00 -6.367969036102294922e+00
1.454042339324951172e+01 -6.824560165405273438e+00
-1.601066780090332031e+01 1.901224327087402344e+01
1.438397026062011719e+01 1.470763301849365234e+01
-1.373459434509277344e+01 1.917881202697753906e+01
1.994756889343261719e+01 2.277869462966918945e+00
-8.011856079101562500e-01 1.008808040618896484e+01
8.003713607788085938e+00 -1.861531448364257812e+01
-6.363316774368286133e-01 -6.098522186279296875e+00
-1.144706726074218750e+01 5.844512939453125000e+00
2.000104522705078125e+01 -3.050406217575073242e+00
-2.239719009399414062e+01 -1.566494226455688477e+00
6.528925895690917969e+00 -1.558294868469238281e+01
8.273409605026245117e-01 -1.772703552246093750e+01
-5.749293327331542969e+00 5.019057273864746094e+00
-1.507028341293334961e+00 -5.825266361236572266e+00
-7.198266029357910156e+00 -6.116206169128417969e+00
-6.314125061035156250e+00 -6.560770988464355469e+00
-6.847836971282958984e+00 -9.161538124084472656e+00
-1.265215778350830078e+01 1.009397315979003906e+01
-2.359969902038574219e+01 -3.299916982650756836e+00
-1.172193431854248047e+01 -3.316432476043701172e+00
5.395059108734130859e+00 -6.945111751556396484e+00
6.847902536392211914e-01 -1.023036384582519531e+01
-2.266026735305786133e+00 -7.901991844177246094e+00
7.196881294250488281e+00 4.614989161491394043e-01
1.331602478027343750e+01 -1.203853797912597656e+01
3.808956623077392578e+00 -1.288119697570800781e+01
-1.468317031860351562e+01 8.997919082641601562e+00
-2.647936820983886719e+00 6.107665061950683594e+00
-1.448070430755615234e+01 1.586178207397460938e+01
1.045932650566101074e+00 -1.215887069702148438e+01
-6.778797507286071777e-01 -2.045668125152587891e+00
-1.363701248168945312e+01 -1.399910736083984375e+01
1.802071213722229004e+00 -4.054961204528808594e+00
-6.253081321716308594e+00 -6.152081489562988281e+00
-2.787946701049804688e+00 3.441160202026367188e+00
-6.904707431793212891e+00 -2.464853096008300781e+01
-5.842208385467529297e+00 -4.748208522796630859e+00
5.918725013732910156e+00 -3.384843826293945312e+00
-1.041773033142089844e+01 1.246615648269653320e-01
-1.081844568252563477e+00 2.548630475997924805e+00
2.473138809204101562e+01 -6.760346889495849609e+00
-6.686336994171142578e+00 8.753705620765686035e-01
-1.666408157348632812e+01 1.234147834777832031e+01
1.067471694946289062e+01 1.275845646858215332e+00
1.588847064971923828e+01 -1.471952247619628906e+01
1.127678632736206055e+00 -6.596055507659912109e+00
4.065973281860351562e+00 -8.639285087585449219e+00
9.345411300659179688e+00 -7.785549163818359375e+00
3.018610477447509766e+00 4.032644748687744141e+00
-1.073670387268066406e+01 1.705885505676269531e+01
6.981308937072753906e+00 -2.279214096069335938e+01
-1.082196998596191406e+01 4.126770496368408203e+00
-8.915077209472656250e+00 8.390101432800292969e+00
-4.658185005187988281e+00 -7.081899166107177734e+00
9.339017868041992188e+00 -4.332437038421630859e+00
-2.056160449981689453e+00 4.835819244384765625e+00
-9.802823066711425781e+00 -5.604860782623291016e+00
-1.288137531280517578e+01 -1.010512351989746094e+01
-1.275391197204589844e+01 1.776976394653320312e+01
-2.487928390502929688e+00 1.486276817321777344e+01
7.393669605255126953e+00 -1.678447532653808594e+01
1.589352130889892578e+00 1.836194610595703125e+01
-8.532990455627441406e+00 5.640189647674560547e+00
-4.352986335754394531e+00 -7.413040161132812500e+00
-1.749733239412307739e-01 1.672546386718750000e+01
-1.286366134881973267e-01 1.014398956298828125e+01
4.760272502899169922e-01 -4.008134841918945312e+00
7.818277359008789062e+00 -3.739176273345947266e+00
-1.661175155639648438e+01 -9.670928955078125000e+00
-1.305725574493408203e+01 1.363129425048828125e+01
1.056863784790039062e+01 -1.355442428588867188e+01
2.149344635009765625e+01 1.332146072387695312e+01
-1.237112426757812500e+01 4.591351509094238281e+00
-5.945163965225219727e-01 -1.730382728576660156e+01
2.457642745971679688e+01 7.251203060150146484e-01
7.410796165466308594e+00 8.236807823181152344e+00
7.507440567016601562e+00 -1.955732917785644531e+01
1.064566421508789062e+01 -1.729655265808105469e+00
1.387855291366577148e+00 7.392034530639648438e+00
5.067055225372314453e+00 5.427588462829589844e+00
1.882629156112670898e+00 -1.726451396942138672e+00
1.061877155303955078e+01 3.148545980453491211e+00
-2.729126214981079102e+00 5.258085727691650391e+00
1.096624565124511719e+01 -1.044170475006103516e+01
-6.828373670578002930e-01 1.133413410186767578e+01
4.382477283477783203e+00 -2.345513343811035156e+01
3.771687030792236328e+00 -1.050563049316406250e+01
7.313235282897949219e+00 8.623210906982421875e+00
-5.816721916198730469e+00 -8.880923271179199219e+00
9.523136138916015625e+00 -8.869232177734375000e+00
-9.440001487731933594e+00 3.122093582153320312e+01
-1.023926615715026855e+00 1.783099174499511719e+00
1.054409885406494141e+01 8.127422332763671875e+00
1.125361824035644531e+01 -1.350173711776733398e+00
1.344225883483886719e+01 7.917794704437255859e+00
-5.556323528289794922e+00 1.013756656646728516e+01
-3.190082550048828125e+00 -6.844948768615722656e+00
1.823672676086425781e+01 -7.103744029998779297e+00
1.509332084655761719e+01 5.204195022583007812e+00
-4.835811614990234375e+00 1.138467884063720703e+01
-2.052897262573242188e+01 6.293545246124267578e+00
-1.309236049652099609e+01 7.095431685447692871e-01
-4.912564754486083984e+00 -2.357377529144287109e+00
-4.816859722137451172e+00 -2.247676253318786621e-01
-2.360478401184082031e+00 -1.644155979156494141e+00
-4.212202072143554688e+00 2.095081061124801636e-01
4.015001296997070312e+00 -1.431316852569580078e+01
-1.145936489105224609e+01 5.473442077636718750e+00
9.134997367858886719e+00 1.159843635559082031e+01
-1.903775024414062500e+01 1.187870025634765625e+01
-1.543079757690429688e+01 -9.752223014831542969e+00
-1.050303268432617188e+01 5.412483215332031250e+00
-2.389221572875976562e+01 1.220495986938476562e+01
-6.838182210922241211e-01 1.874061942100524902e+00
-1.553623580932617188e+01 -2.238513231277465820e+00
-1.029394721984863281e+01 3.458607196807861328e+00
8.728625774383544922e-01 1.201702690124511719e+01
6.168528079986572266e+00 -4.082654953002929688e+00
8.902760505676269531e+00 1.646983337402343750e+01
1.467243671417236328e+01 -8.068029403686523438e+00
2.311988067626953125e+01 -1.879879570007324219e+01
-1.150922012329101562e+01 -8.951717376708984375e+00
-9.748084068298339844e+00 -1.425328731536865234e+01
-1.481602191925048828e+01 -8.955995559692382812e+00
4.597150325775146484e+00 -1.226500511169433594e+01
-1.142252445220947266e+01 9.316792488098144531e+00
-1.314556503295898438e+01 3.341165542602539062e+00
-1.380284309387207031e+01 8.817664146423339844e+00
1.363947868347167969e+01 -1.165862083435058594e+01
1.417722606658935547e+01 5.680115699768066406e+00
-1.252930760383605957e-01 6.661963462829589844e+00
-8.931232452392578125e+00 1.751494216918945312e+01
1.155873203277587891e+01 9.859535217285156250e+00
2.366806221008300781e+01 -5.614428520202636719e+00
1.628615188598632812e+01 -7.732280731201171875e+00
1.294101905822753906e+01 -8.845509529113769531e+00
-2.777707815170288086e+00 -7.187652587890625000e+00
-2.182674026489257812e+01 -1.085546684265136719e+01
1.018857097625732422e+01 -1.507331752777099609e+01
-2.037962722778320312e+01 1.561905670166015625e+01
-7.826997041702270508e-01 -1.471990776062011719e+01
-7.397441864013671875e+00 -5.835786819458007812e+00
-3.613111972808837891e+00 7.057831764221191406e+00
-5.098977088928222656e+00 3.017395436763763428e-01
1.065594482421875000e+01 1.859105682373046875e+01
-1.665235638618469238e+00 -2.298106765747070312e+01
-1.371971702575683594e+01 -1.335784816741943359e+01
-2.017519235610961914e+00 -6.530660986900329590e-01
-2.782757043838500977e+00 5.692713707685470581e-02
1.157679176330566406e+01 -2.177467584609985352e+00
-1.183241605758666992e+00 4.099881172180175781e+00
3.866547107696533203e+00 1.679255867004394531e+01
4.213601589202880859e+00 4.715698719024658203e+00
-7.048404216766357422e-01 6.411259651184082031e+00
-2.752696990966796875e+00 -2.032323646545410156e+01
1.479198455810546875e+01 2.202395248413085938e+01
-6.649951934814453125e+00 -1.405883431434631348e+00
2.562745094299316406e+00 3.232895851135253906e+00
2.453991127014160156e+01 7.671499729156494141e+00
1.093409442901611328e+01 -1.464384198188781738e+00
3.419105768203735352e+00 -6.118183135986328125e+00
1.646203517913818359e+00 -2.198915004730224609e+00
-3.974958419799804688e+00 9.753594398498535156e-01
-4.284038066864013672e+00 4.859103679656982422e+00
-4.253674030303955078e+00 9.010443687438964844e+00
1.034377479553222656e+01 -8.803082466125488281e+00
-3.294990062713623047e+00 -1.063965034484863281e+01
-2.819133996963500977e+00 3.683102607727050781e+00
-9.109269380569458008e-01 7.185046672821044922e-01
-1.373226642608642578e+01 5.594847679138183594e+00
-1.781156921386718750e+01 -2.324679136276245117e+00
7.645607471466064453e+00 -1.040236854553222656e+01
-1.849119567871093750e+01 -1.650627374649047852e+00
-6.323368072509765625e+00 -1.415584659576416016e+01
-7.814861536026000977e-01 1.234842109680175781e+01
8.000473022460937500e+00 -2.055650901794433594e+01
-1.239671325683593750e+01 2.186305761337280273e+00
-9.594818353652954102e-01 3.831118106842041016e+00
-6.457586288452148438e+00 -7.921973519842140377e-06
-1.410139918327331543e+00 1.947529196739196777e+00
-1.043991184234619141e+01 9.122319221496582031e+00
-2.063160324096679688e+01 -7.615873813629150391e+00
7.221063613891601562e+00 -1.029580879211425781e+01
-1.429973220825195312e+01 9.857124328613281250e+00
-3.326643943786621094e+00 7.084617614746093750e+00
-1.901914215087890625e+01 -6.328063011169433594e+00
-5.693266868591308594e+00 -6.855373859405517578e+00
-1.073195934295654297e+01 7.206704139709472656e+00
-3.827220916748046875e+00 -1.864042878150939941e+00
-2.446280002593994141e+00 -4.639441490173339844e+00
-8.093000411987304688e+00 2.543352842330932617e+00
1.112251377105712891e+01 8.643905639648437500e+00
-2.966483592987060547e+00 1.934371232986450195e+00
-2.067376708984375000e+01 3.955383896827697754e-01
5.908227443695068359e+00 1.923804092407226562e+01
-1.221414685249328613e+00 1.763382554054260254e+00
9.512296676635742188e+00 6.251037597656250000e+00
9.523183703422546387e-01 6.305880546569824219e-01
-8.580812454223632812e+00 -5.853665351867675781e+00
3.682796955108642578e+00 -9.557932853698730469e+00
-1.340431976318359375e+01 -1.083803939819335938e+01
-1.051638412475585938e+01 -6.304495334625244141e+00
-1.703508949279785156e+01 5.936743736267089844e+00
1.226783370971679688e+01 -2.073343276977539062e+00
1.865966033935546875e+01 -1.069089889526367188e+01
1.448749303817749023e+00 -1.502491855621337891e+01
3.963500022888183594e+00 5.676671028137207031e+00
-1.635093498229980469e+01 -1.764956665039062500e+01
-7.701177120208740234e+00 -1.741188764572143555e-01
2.716811656951904297e+00 3.512177467346191406e+00
1.736217880249023438e+01 5.865886211395263672e+00
8.102570533752441406e+00 -2.889725208282470703e+00
-1.235799598693847656e+01 5.514078140258789062e+00
-1.002866506576538086e+00 3.346523284912109375e+00
1.164969682693481445e+00 8.936323165893554688e+00
-1.295667648315429688e+01 8.141199111938476562e+00
6.721482753753662109e+00 6.880238533020019531e+00
-3.277969598770141602e+00 -1.675367927551269531e+01
-3.474591016769409180e+00 -7.363708019256591797e+00
1.242952251434326172e+01 -3.444953560829162598e-01
9.491784095764160156e+00 -7.889522552490234375e+00
6.595459461212158203e+00 1.055421447753906250e+01
6.505807876586914062e+00 -6.083756446838378906e+00
-2.008378791809082031e+01 1.937656402587890625e+01
-9.260595321655273438e+00 -2.871316671371459961e+00
-1.001217079162597656e+01 -3.626523613929748535e-01
-3.997623443603515625e+00 7.848940372467041016e+00
-1.110162615776062012e+00 -7.205206871032714844e+00
5.353298664093017578e+00 -4.653852462768554688e+00
-6.643135547637939453e+00 -9.595986366271972656e+00
-4.923338413238525391e+00 1.287582492828369141e+01
6.077806949615478516e+00 6.666867256164550781e+00
1.236073112487792969e+01 2.747406721115112305e+00
5.803910255432128906e+00 -2.752006053924560547e+00
1.432446575164794922e+01 3.244640350341796875e+00
-1.489272434264421463e-02 1.047103500366210938e+01
-7.989705801010131836e-01 -1.512061214447021484e+01
5.506278038024902344e+00 -5.214808464050292969e+00
-1.956537365913391113e+00 -7.913082242012023926e-01
1.153606033325195312e+01 -1.472714519500732422e+01
-4.719467639923095703e+00 -1.659689521789550781e+01
-1.085497379302978516e+01 5.050590515136718750e+00
2.715636825561523438e+01 1.729356765747070312e+01
-1.119104290008544922e+01 -4.067843914031982422e+00
1.074100303649902344e+01 -2.517313480377197266e+00
1.473066520690917969e+01 -1.897017240524291992e+00
2.294301271438598633e+00 1.046594142913818359e+01
-1.304360508918762207e+00 2.248434066772460938e+00
-2.886637210845947266e+00 -3.584475994110107422e+00
5.328340530395507812e-01 6.149771690368652344e+00
-1.424363613128662109e+00 -1.463870525360107422e+00
5.195939540863037109e+00 -2.047630995512008667e-01
6.338076114654541016e+00 1.056859016418457031e+01
-1.070360946655273438e+01 -4.197204113006591797e+00
-9.018860816955566406e+00 2.118196868896484375e+01
-1.260906600952148438e+01 2.108719062805175781e+01
-1.133842086791992188e+01 2.804970502853393555e+00
6.962846755981445312e+00 -6.589923381805419922e+00
2.707887649536132812e+00 -2.411397171020507812e+01
-3.184299468994140625e+00 1.125726318359375000e+01
5.392201423645019531e+00 1.519582152366638184e+00
1.201789474487304688e+01 9.122354507446289062e+00
-1.333681488037109375e+01 -1.088539123535156250e+01
-1.255549621582031250e+01 -1.406194686889648438e+01
-2.831131219863891602e+00 1.015119934082031250e+01
-7.852979183197021484e+00 -1.513185119628906250e+01
-9.623243331909179688e+00 -1.623258113861083984e+00
8.070512771606445312e+00 -3.743838071823120117e+00
5.881655216217041016e-01 1.458396315574645996e+00
1.518532562255859375e+01 1.215205669403076172e+00
-2.575963735580444336e+00 -9.015027046203613281e+00
-4.800252437591552734e+00 -1.165221977233886719e+01
3.433026313781738281e+00 8.732803344726562500e+00
-2.084732818603515625e+01 2.544347286224365234e+00
-1.061700940132141113e+00 -1.263014698028564453e+01
-4.953710079193115234e+00 1.123218774795532227e+00
9.731109142303466797e-01 1.473647952079772949e+00
-1.599168300628662109e+01 -6.822882175445556641e+00
-1.293093442916870117e+00 6.820736408233642578e+00
-4.747601509094238281e+00 -1.289826583862304688e+01
8.884147644042968750e+00 6.340530395507812500e+00
-7.193067073822021484e-01 -3.162324428558349609e+00
-4.670227050781250000e+00 -1.403085136413574219e+01
4.710641384124755859e+00 6.018443703651428223e-01
-9.484626770019531250e+00 -3.098887443542480469e+00
1.163868522644042969e+01 -2.434324502944946289e+00
2.504813671112060547e+00 -7.734027862548828125e+00
5.387339591979980469e+00 -1.242681264877319336e+00
5.007736206054687500e+00 7.100069522857666016e+00
6.081389427185058594e+00 4.258856296539306641e+00
-1.038435840606689453e+01 -1.494621992111206055e+00
-7.435421943664550781e+00 -6.154811382293701172e+00
-1.983470153808593750e+01 -8.283329010009765625e+00
-4.213047504425048828e+00 -1.933840513229370117e+00
1.634770202636718750e+01 -9.762788772583007812e+00
-4.251914978027343750e+00 2.932400703430175781e+00
4.767271518707275391e+00 1.232916069030761719e+01
-2.547917842864990234e+00 1.179935646057128906e+01
-1.468158912658691406e+01 1.314630603790283203e+01
-6.586299419403076172e+00 2.974266529083251953e+00
-6.185740947723388672e+00 1.451075458526611328e+01
9.528349637985229492e-01 -4.736055850982666016e+00
5.050449967384338379e-01 1.457731342315673828e+01
1.088398838043212891e+01 3.024664402008056641e+00
-1.214585781097412109e+01 -1.428802299499511719e+01
1.247495079040527344e+01 -2.435065984725952148e+00
-8.655553817749023438e+00 6.130616068840026855e-01
1.538554763793945312e+01 -1.136684799194335938e+01
1.334815120697021484e+01 7.579999446868896484e+00
5.496787071228027344e+00 5.393448829650878906e+00
8.319004058837890625e+00 3.342231750488281250e+00
1.657415771484375000e+01 1.108139896392822266e+01
-7.467431545257568359e+00 7.176309585571289062e+00
4.489072799682617188e+00 -3.821030855178833008e+00
1.560260772705078125e+01 1.977453613281250000e+01
-1.132286071777343750e+00 -1.371102905273437500e+01
-1.086530303955078125e+01 -4.330591678619384766e+00
-1.919116210937500000e+01 1.499607276916503906e+01
9.240402221679687500e+00 -5.425046920776367188e+00
-1.652059936523437500e+01 -1.646755409240722656e+01
-6.219090938568115234e+00 5.298497676849365234e-01
-6.934015750885009766e+00 -3.802892684936523438e+00
-1.702976989746093750e+01 7.299903869628906250e+00
-1.791348648071289062e+01 -2.472587203979492188e+01
5.548106193542480469e+00 9.403020858764648438e+00
1.165892028808593750e+01 1.542686939239501953e+01
1.897615194320678711e+00 2.477719783782958984e+00
5.918951511383056641e+00 4.866912364959716797e+00
-1.188818073272705078e+01 -9.368080139160156250e+00
4.709202766418457031e+00 7.144103050231933594e+00
-5.857363224029541016e+00 -1.690720367431640625e+01
9.882171630859375000e+00 1.393431186676025391e+00
-1.238618087768554688e+01 8.502154350280761719e+00
1.061864757537841797e+01 9.304713249206542969e+00
2.857309341430664062e+00 -9.934255599975585938e+00
-2.052396297454833984e+00 5.712043642997741699e-01
3.896254003047943115e-01 6.863524913787841797e-01
7.609062671661376953e+00 -7.844979286193847656e+00
-2.842781305313110352e+00 1.588603734970092773e+00
-1.509265780448913574e+00 3.603133261203765869e-01
7.127794742584228516e+00 -1.781921768188476562e+01
1.440080547332763672e+01 3.485954046249389648e+00
-1.298409461975097656e+01 -9.349578857421875000e+00
-1.797372436523437500e+01 -6.093135356903076172e+00
1.106248259544372559e+00 1.265907096862792969e+01
-6.926303863525390625e+00 9.711331367492675781e+00
7.923459410667419434e-01 -7.474460601806640625e+00
-3.989544153213500977e+00 1.150478839874267578e+01
-2.633009338378906250e+01 1.237899780273437500e+01
-2.721261739730834961e+00 9.429541230201721191e-01
-8.558652877807617188e+00 -6.561685085296630859e+00
-8.605096817016601562e+00 8.656607627868652344e+00
7.105360507965087891e+00 1.282210350036621094e+01
-2.084919357299804688e+01 5.948368072509765625e+00
5.317914009094238281e+00 1.221530723571777344e+01
6.064310550689697266e+00 -2.965198040008544922e+00
-2.103397178649902344e+01 -4.439745426177978516e+00
-1.079406261444091797e+00 7.545538425445556641e+00
-8.451073646545410156e+00 -5.489118099212646484e+00
-1.335707092285156250e+01 -5.460285544395446777e-01
-5.869256854057312012e-01 1.236037090420722961e-01
-6.196284770965576172e+00 1.318499660491943359e+01
9.279729843139648438e+00 9.236534118652343750e+00
-2.886849880218505859e+00 5.426640987396240234e+00
4.938967704772949219e+00 -5.089153289794921875e+00
-7.777275562286376953e+00 -1.552036523818969727e+00
9.770614624023437500e+00 -3.374937534332275391e+00
-1.180514240264892578e+01 2.105168819427490234e+00
1.540360069274902344e+01 -4.075868606567382812e+00
-1.191732406616210938e+01 -1.156036758422851562e+01
4.337248325347900391e+00 -2.848245859146118164e+00
1.915699577331542969e+01 -9.449058532714843750e+00
7.015109658241271973e-01 8.637509346008300781e-01
-2.086883544921875000e+01 2.405415326356887817e-01
8.514675140380859375e+00 1.621422195434570312e+01
-4.118264675140380859e+00 -1.553078842163085938e+01
1.472668743133544922e+01 1.958503246307373047e+00
1.779620498418807983e-01 -5.084095954895019531e+00
-1.535700798034667969e+01 1.478520488739013672e+01
1.586148166656494141e+01 9.675866127014160156e+00
-7.901737093925476074e-01 -1.258777809143066406e+01
8.424676895141601562e+00 8.481991767883300781e+00
7.207675457000732422e+00 7.573813438415527344e+00
7.469718933105468750e+00 7.092685222625732422e+00
7.029683589935302734e-01 -6.668016910552978516e+00
-1.196296882629394531e+01 -5.844368457794189453e+00
3.736973285675048828e+00 -9.836734771728515625e+00
-3.137816905975341797e+00 1.195657730102539062e+01
6.953363895416259766e+00 1.107931613922119141e+00
-9.413676261901855469e+00 1.728459167480468750e+01
-5.911347389221191406e+00 1.075157165527343750e+01
2.418026685714721680e+00 -1.463530731201171875e+01
1.303879928588867188e+01 -8.841640472412109375e+00
1.415494537353515625e+01 -1.475127220153808594e+01
1.250767135620117188e+01 -2.048144102096557617e+00
-8.824277877807617188e+00 8.968652725219726562e+00
8.875319957733154297e-01 9.252306818962097168e-01
-3.001122474670410156e+00 -4.701390743255615234e+00
-1.085272598266601562e+01 -2.152272939682006836e+00
-2.702994346618652344e+01 6.428758621215820312e+00
-1.362467765808105469e+01 -5.464963436126708984e+00
-1.613104057312011719e+01 -8.216451644897460938e+00
-3.925125002861022949e-01 -5.075241923332214355e-01
-6.551221847534179688e+00 -3.155181884765625000e+00
3.887760639190673828e+00 -7.405041694641113281e+00
-3.438195705413818359e+00 6.569481372833251953e+00
-1.171564006805419922e+01 2.828225851058959961e+00
-8.140134811401367188e-01 6.330313205718994141e+00
1.044118165969848633e+00 1.531091451644897461e+00
3.466158151626586914e+00 1.748874473571777344e+01
-1.099642372131347656e+01 -3.214084148406982422e+00
-1.989097023010253906e+01 -7.751154899597167969e+00
8.596936225891113281e+00 5.410079956054687500e+00
-1.037534904479980469e+01 -3.780637979507446289e+00
5.103135585784912109e+00 -9.574109077453613281e+00
1.182734870910644531e+01 1.396099567413330078e+01
-5.221408843994140625e+00 -1.813548684120178223e+00
2.369068145751953125e+01 -6.675875782966613770e-01
2.338603883981704712e-01 5.755599141120910645e-01
4.782607078552246094e+00 3.048945426940917969e+00
5.850234985351562500e+00 -2.618846893310546875e+00
-8.614953041076660156e+00 1.697915911674499512e+00
-7.049861907958984375e+00 5.333139419555664062e+00
2.306905364990234375e+01 -1.486707210540771484e+01
-6.035804271697998047e+00 4.173308372497558594e+00
1.169641876220703125e+01 -6.519887924194335938e+00
-6.494987010955810547e-01 -2.714804649353027344e+00
-5.020338058471679688e+00 -3.058679103851318359e+00
-4.438074111938476562e+00 -1.566673755645751953e+01
-1.744285821914672852e+00 1.268703842163085938e+01
-1.376355361938476562e+01 1.047026729583740234e+01
1.125850868225097656e+01 3.790264606475830078e+00
1.692678833007812500e+01 1.249331378936767578e+01
-8.782400131225585938e+00 -2.175876426696777344e+01
6.339645981788635254e-01 -3.753572463989257812e+00
2.712995745241641998e-02 1.407750546932220459e-01
1.732447433471679688e+01 8.114356040954589844e+00
1.192494010925292969e+01 -6.365194320678710938e+00
2.460290145874023438e+01 -8.674913048744201660e-01
-1.244241714477539062e+01 -9.708755493164062500e+00
1.350635910034179688e+01 -1.244413566589355469e+01
6.646938800811767578e+00 -1.406746482849121094e+01
9.617537498474121094e+00 1.075048446655273438e+01
1.283358955383300781e+01 -1.519682168960571289e+00
5.393791198730468750e+00 -2.197479629516601562e+01
1.318129730224609375e+01 2.303944826126098633e+00
-4.923215866088867188e+00 -5.210521697998046875e+00
1.204150676727294922e+01 -1.749539756774902344e+01
2.501609563827514648e+00 2.189389801025390625e+01
8.731185913085937500e+00 -2.652290821075439453e+00
5.686983585357666016e+00 -8.269965171813964844e+00
1.672338008880615234e+00 2.223369598388671875e+01
-6.290867328643798828e+00 1.071318984031677246e+00
9.763534545898437500e+00 6.102661609649658203e+00
-2.687148857116699219e+01 9.121726989746093750e+00
5.730803012847900391e+00 7.532634735107421875e+00
-2.016387748718261719e+01 5.387455940246582031e+00
6.429656028747558594e+00 2.978732585906982422e+00
-1.280588626861572266e+01 -1.365846729278564453e+01
9.368834495544433594e-01 -8.542875289916992188e+00
-1.250501251220703125e+01 -1.361798763275146484e+01
-7.940394401550292969e+00 4.668794631958007812e+00
7.357487201690673828e+00 -1.154180717468261719e+01
1.043694591522216797e+01 -4.927439212799072266e+00
1.068688774108886719e+01 -2.204072952270507812e+00
3.048884868621826172e+00 -5.867781639099121094e+00
-1.879840135574340820e+00 -2.010569000244140625e+01
-7.148723125457763672e+00 9.061925888061523438e+00
-6.415181159973144531e+00 -1.861331939697265625e+01
-6.816004753112792969e+00 1.453176689147949219e+01
-1.678474807739257812e+01 7.968577384948730469e+00
-3.332194089889526367e+00 1.296852827072143555e+00
3.727158546447753906e+00 8.458640098571777344e+00
-6.001935958862304688e+00 -3.757595539093017578e+00
2.884689569473266602e+00 -6.132064819335937500e+00
-3.003485441207885742e+00 -1.201541328430175781e+01
7.176304340362548828e+00 -2.776308655738830566e-01
1.114991283416748047e+01 3.001690864562988281e+00
-1.102203369140625000e+01 6.643445968627929688e+00
-2.667328262329101562e+01 -2.749716281890869141e+00
9.345055580139160156e+00 -8.234738349914550781e+00
8.673702478408813477e-01 -1.828177094459533691e+00
-1.318568706512451172e+01 -6.599332809448242188e+00
-8.937915802001953125e+00 -1.726255655288696289e+00
-1.885646462440490723e+00 -2.321117019653320312e+01
-7.393691539764404297e+00 -9.776076316833496094e+00
-4.437699317932128906e+00 5.331039905548095703e+00
1.911737918853759766e+00 -1.815372848510742188e+01
1.529145240783691406e+01 3.731788635253906250e+00
7.249406814575195312e+00 -6.829226016998291016e+00
-8.651266098022460938e+00 1.499767541885375977e+00
-1.394303226470947266e+01 3.374600648880004883e+00
6.823650360107421875e+00 -3.114960193634033203e+00
-1.012052631378173828e+01 1.959215521812438965e+00
-1.799247741699218750e+01 9.574525833129882812e+00
3.838732242584228516e+00 1.330823135375976562e+01
1.812986373901367188e+01 -2.359754323959350586e+00
4.910445213317871094e+00 -1.260766029357910156e+01
2.030062437057495117e+00 1.730361938476562500e+01
-5.196163177490234375e+00 -1.675673103332519531e+01
-1.107240867614746094e+01 8.413509368896484375e+00
-4.333387374877929688e+00 3.356044530868530273e+00
-8.136440277099609375e+00 -1.356260204315185547e+01
8.738447189331054688e+00 -1.791550827026367188e+01
-4.375592708587646484e+00 1.334725952148437500e+01
-1.202886676788330078e+01 -6.075123786926269531e+00
-1.112759971618652344e+01 5.592219233512878418e-01
