-3.326034739200000000e+10
-3.434286694400000000e+10
-3.503352627200000000e+10
-3.597454131200000000e+10
-3.489626931200000000e+10
-3.625589555200000000e+10
-3.617186611200000000e+10
-3.762214502400000000e+10
-3.666185420800000000e+10
-3.455333171200000000e+10
-3.628285952000000000e+10
-3.746598092800000000e+10
-4.041832038400000000e+10
-3.770502758400000000e+10
-3.882577510400000000e+10
-3.386045849600000000e+10
-3.486917427200000000e+10
-3.769127731200000000e+10
-3.736521113600000000e+10
-3.856431513600000000e+10
-4.161254604800000000e+10
-3.759609446400000000e+10
-3.519065292800000000e+10
-3.696833740800000000e+10
-3.426855936000000000e+10
-3.601228595200000000e+10
-3.798315417600000000e+10
-3.400811315200000000e+10
-3.732238336000000000e+10
-3.301758976000000000e+10
-3.521033420800000000e+10
-3.421370368000000000e+10
-3.786604134400000000e+10
-3.810350694400000000e+10
-3.423813222400000000e+10
-3.039628288000000000e+10
-2.970363289600000000e+10
-3.276782182400000000e+10
-3.126171238400000000e+10
-3.696327475200000000e+10
-3.461629132800000000e+10
-4.007909785600000000e+10
-3.745271398400000000e+10
-3.451281408000000000e+10
-3.479030988800000000e+10
-2.820750540800000000e+10
-3.704130355200000000e+10
-3.060858060800000000e+10
-3.320407654400000000e+10
-3.416356044800000000e+10
-3.129295462400000000e+10
-2.900467916800000000e+10
-2.784506675200000000e+10
-2.965876326400000000e+10
-3.068897689600000000e+10
-3.120331776000000000e+10
-3.352837734400000000e+10
-3.177093529600000000e+10
-2.949895987200000000e+10
-2.390679552000000000e+10
-3.673310822400000000e+10
-2.934830694400000000e+10
-3.343566233600000000e+10
-3.388760678400000000e+10
-3.140886732800000000e+10
-3.270287769600000000e+10
-3.427378995200000000e+10
-2.726459801600000000e+10
-2.642736128000000000e+10
-2.899668582400000000e+10
-2.689953382400000000e+10
-3.194743193600000000e+10
-3.269994291200000000e+10
-2.953251430400000000e+10
-3.134180556800000000e+10
-2.797825228800000000e+10
-3.264751616000000000e+10
-2.946783232000000000e+10
-3.162672537600000000e+10
-2.710124134400000000e+10
-3.023020851200000000e+10
-3.023554150400000000e+10
-2.425435955200000000e+10
-2.903145267200000000e+10
-3.376083353600000000e+10
-2.254047232000000000e+10
-2.246711500800000000e+10
-2.525271449600000000e+10
-2.657371750400000000e+10
-2.963809689600000000e+10
-2.727425843200000000e+10
-2.311379968000000000e+10
-2.560101990400000000e+10
-2.419256729600000000e+10
-3.006082867200000000e+10
-3.047627776000000000e+10
-2.790076211200000000e+10
-2.596951244800000000e+10
-2.376205926400000000e+10
-2.165222604800000000e+10
-2.412492595200000000e+10
-1.757943398400000000e+10
-1.772088524800000000e+10
-2.847790080000000000e+10
-2.535990067200000000e+10
-2.874166272000000000e+10
-2.144948224000000000e+10
-2.180922572800000000e+10
-2.417173504000000000e+10
-2.428226560000000000e+10
-2.406659686400000000e+10
-2.543902720000000000e+10
-1.960795750400000000e+10
-2.278522675200000000e+10
-2.587647795200000000e+10
-2.289448345600000000e+10
-2.093948313600000000e+10
-2.252603187200000000e+10
-1.901295616000000000e+10
-2.032002867200000000e+10
-2.220676300800000000e+10
-1.789935820800000000e+10
-2.020108083200000000e+10
-1.823039897600000000e+10
-1.902646476800000000e+10
-2.288778649600000000e+10
-2.044806144000000000e+10
-2.474938163200000000e+10
-2.154436403200000000e+10
-2.019271270400000000e+10
-2.128786841600000000e+10
-1.940854579200000000e+10
-1.337102745600000000e+10
-1.786094387200000000e+10
-1.707073228800000000e+10
-9.726400512000000000e+09
-1.862272819200000000e+10
-1.863690649600000000e+10
-2.076280217600000000e+10
-1.469972172800000000e+10
-1.926268723200000000e+10
-1.789676544000000000e+10
-1.910645350400000000e+10
-1.210594611200000000e+10
-1.763565568000000000e+10
-1.559629414400000000e+10
-1.562537574400000000e+10
-1.503999180800000000e+10
-1.079563161600000000e+10
-1.711578112000000000e+10
-1.289160192000000000e+10
-1.317752832000000000e+10
-1.331142246400000000e+10
-1.484771942400000000e+10
-1.731577651200000000e+10
-1.416091648000000000e+10
-9.648012288000000000e+09
-1.584076697600000000e+10
-1.166474342400000000e+10
-7.886046720000000000e+09
-6.824291840000000000e+09
-1.131586662400000000e+10
-1.074012569600000000e+10
-8.235965440000000000e+09
-9.245745152000000000e+09
-1.173635174400000000e+10
-1.043988172800000000e+10
-8.318901760000000000e+09
-1.010066022400000000e+10
-5.505089536000000000e+09
-8.406265856000000000e+09
-8.559550976000000000e+09
-9.027884032000000000e+09
-8.016790016000000000e+09
-8.137088512000000000e+09
-7.352914432000000000e+09
-3.775125248000000000e+09
-8.471152128000000000e+09
-8.299368960000000000e+09
-1.029130649600000000e+10
-8.246463488000000000e+09
-7.015679488000000000e+09
-7.893780992000000000e+09
-7.115893760000000000e+09
-4.551305216000000000e+09
-3.715675136000000000e+09
-8.249320448000000000e+09
-5.360048128000000000e+09
-5.779671552000000000e+09
-4.351884800000000000e+09
-5.863343616000000000e+09
-5.025850880000000000e+09
-2.714022656000000000e+09
-6.811265024000000000e+09
-2.296908032000000000e+09
-2.149483520000000000e+09
-2.988227584000000000e+09
-3.406372608000000000e+09
-2.825747712000000000e+09
-2.355420928000000000e+09
-3.513179136000000000e+09
-2.456330496000000000e+09
-5.155328320000000000e+08
-1.045333056000000000e+09
-4.891120320000000000e+08
-4.887577920000000000e+08
-6.529792640000000000e+08
-2.151062784000000000e+09
-8.079930240000000000e+08
-1.193813018798828125e+02
-1.032674496000000000e+09
-7.662853027343750000e+03
-5.113207092285156250e+02
-2.792975585937500000e+03
-9.529834880000000000e+08
-7.741085449218750000e+03
-5.229200640000000000e+08
-1.508581695556640625e+02
-5.338545280000000000e+08
-2.795722045898437500e+02
-7.445502080000000000e+08
-4.291453552246093750e+02
-1.074291625976562500e+03
-1.169084777832031250e+02
-6.136521606445312500e+02
-1.152384567260742188e+02
-9.658546142578125000e+02
-1.502404937744140625e+02
-2.428972320556640625e+02
-1.209562072753906250e+02
-3.173562255859375000e+03
-1.314203643798828125e+02
-1.162668533325195312e+02
-1.420371246337890625e+02
-1.108565063476562500e+02
-1.089939422607421875e+02
-1.166731643676757812e+02
-1.137602996826171875e+02
-1.547816772460937500e+02
-1.265878448486328125e+02
-3.011747436523437500e+02
-1.246801300048828125e+02
-4.891465759277343750e+02
-1.146284255981445312e+02
-9.228280639648437500e+02
-1.266465072631835938e+02
-1.229174575805664062e+02
-3.175378723144531250e+02
-1.259232254028320312e+02
-3.883052673339843750e+02
-3.832238769531250000e+02
-3.432025756835937500e+02
-1.259472961425781250e+02
-3.265833129882812500e+02
-1.828800048828125000e+02
-1.303003051757812500e+03
-1.122317276000976562e+02
-4.672490234375000000e+03
-1.687288208007812500e+02
-1.339364776611328125e+02
-1.465596160888671875e+02
-1.093058395385742188e+02
-3.807230529785156250e+02
-1.250415649414062500e+02
-1.221637802124023438e+02
-1.437269592285156250e+02
-2.378665771484375000e+02
-1.119810638427734375e+02
-1.322546691894531250e+02
-2.960770263671875000e+03
-1.262319717407226562e+02
-1.169755554199218750e+02
-1.765641021728515625e+02
-1.181431655883789062e+02
-2.570823059082031250e+02
-1.267074050903320312e+02
-4.488930053710937500e+02
-1.563019866943359375e+02
-7.782089233398437500e+02
-1.269396667480468750e+02
-1.945856323242187500e+02
-1.717103271484375000e+02
-1.275489273071289062e+02
-1.451258239746093750e+02
-1.351679077148437500e+02
-1.250532302856445312e+02
-1.313107910156250000e+02
-1.543832763671875000e+03
-1.289901428222656250e+02
-1.219775314331054688e+02
-2.097844543457031250e+02
-1.944140014648437500e+02
-2.109466552734375000e+02
-1.640669708251953125e+02
-1.119933319091796875e+02
-3.584857788085937500e+02
-1.119466705322265625e+02
-1.099966430664062500e+02
-2.267465972900390625e+02
-1.931598510742187500e+02
