-9.345417968750000000e+04
-4.945215312500000000e+05
-6.948557812500000000e+04
-6.775334375000000000e+04
-6.686357000000000000e+06
-1.730679687500000000e+04
-7.436865625000000000e+05
-1.668975468750000000e+05
-3.429010156250000000e+04
-4.767009765625000000e+03
-4.215944531250000000e+04
-1.406661230468750000e+04
-1.648155468750000000e+04
-8.483068359375000000e+03
-5.975678710937500000e+03
-3.829633203125000000e+04
-4.171485839843750000e+03
-2.107638000000000000e+06
-8.610215820312500000e+03
-1.048079101562500000e+04
-3.192064697265625000e+03
-1.351404296875000000e+04
-4.361208437500000000e+05
-4.072584960937500000e+03
-1.675483007812500000e+04
-4.479323730468750000e+03
-3.518571875000000000e+04
-1.577402734375000000e+04
-8.814850000000000000e+04
-3.198575000000000000e+04
-5.068868652343750000e+03
-1.310735253906250000e+04
-8.475096679687500000e+03
-1.367708618164062500e+03
-3.750412597656250000e+03
-1.569200585937500000e+04
-2.812856933593750000e+03
-2.675309179687500000e+04
-2.272177490234375000e+03
-5.313430078125000000e+04
-4.861561250000000000e+05
-7.193792480468750000e+03
-1.373406982421875000e+03
-2.418805664062500000e+03
-1.632473632812500000e+03
-1.361206875000000000e+06
-3.511661865234375000e+03
-1.907278930664062500e+03
-3.353051757812500000e+03
-1.843426757812500000e+03
-1.618224365234375000e+03
-1.149517333984375000e+03
-1.478778613281250000e+04
-7.332192993164062500e+02
-9.684365844726562500e+02
-8.975886718750000000e+03
-8.897915039062500000e+02
-2.513750244140625000e+03
-3.105913818359375000e+03
-1.102831298828125000e+03
-4.624351074218750000e+03
-1.327948608398437500e+03
-1.229763671875000000e+03
-9.196458740234375000e+02
-1.872430908203125000e+03
-6.681085205078125000e+02
-9.949235839843750000e+02
-3.774376953125000000e+03
-9.994422607421875000e+02
-7.558029785156250000e+02
-1.038204199218750000e+04
-7.804193359375000000e+03
-1.189097265625000000e+04
-1.267805664062500000e+03
-6.863904418945312500e+02
-1.468794677734375000e+03
-1.026261718750000000e+03
-1.521450317382812500e+03
-7.657684326171875000e+02
-6.847329101562500000e+02
-9.318095092773437500e+02
-6.593995361328125000e+02
-1.753968554687500000e+04
-9.696296386718750000e+02
-1.195194946289062500e+03
-1.098209350585937500e+03
-1.174669189453125000e+03
-1.526270996093750000e+03
-1.112240234375000000e+03
-1.017301635742187500e+03
-9.904396972656250000e+02
-8.825844726562500000e+02
-1.884309692382812500e+03
-4.313781738281250000e+03
-9.266495971679687500e+02
-1.520326416015625000e+03
-8.715109252929687500e+02
-1.135142578125000000e+03
-7.522444458007812500e+02
-6.469021484375000000e+03
-1.079491455078125000e+03
-1.299403076171875000e+03
-8.146514282226562500e+02
-8.704572143554687500e+02
-1.486920654296875000e+03
-8.144664306640625000e+02
-6.110267944335937500e+02
-9.389650268554687500e+02
-1.501472290039062500e+03
-1.702593139648437500e+03
-1.856567871093750000e+03
-9.169756469726562500e+02
-9.411841430664062500e+02
-2.230953857421875000e+03
-9.297336425781250000e+02
-9.292947265625000000e+03
-9.675614624023437500e+02
-7.652404174804687500e+02
-3.243586669921875000e+03
-3.938959960937500000e+03
-8.717809448242187500e+02
-2.134696044921875000e+03
-9.010058593750000000e+02
-1.431655517578125000e+03
-1.079323730468750000e+03
-2.981245849609375000e+03
-8.159882812500000000e+02
-7.845626831054687500e+02
-1.065486694335937500e+03
-1.435550659179687500e+03
-1.472169067382812500e+03
-1.650861572265625000e+03
-9.622451782226562500e+02
-2.745713867187500000e+03
-3.520623779296875000e+03
-4.901851171875000000e+04
-3.491909423828125000e+03
-9.327760009765625000e+02
-7.218247680664062500e+02
-1.983910766601562500e+03
-1.199166015625000000e+03
-8.679870605468750000e+02
-8.453666381835937500e+02
-8.758842163085937500e+02
-6.761622924804687500e+02
-1.371678466796875000e+03
-8.824260864257812500e+02
-8.631260986328125000e+02
-6.661938476562500000e+02
-1.308590209960937500e+03
-9.633646850585937500e+02
-1.552599731445312500e+03
-1.219659545898437500e+03
-1.013650329589843750e+03
-1.603720336914062500e+03
-1.175566772460937500e+03
-8.478432617187500000e+02
-1.213928466796875000e+03
-1.068865844726562500e+03
-7.949514160156250000e+02
-3.759553515625000000e+04
-1.054264160156250000e+03
-9.868293457031250000e+02
-9.462384643554687500e+02
-6.674818115234375000e+02
-1.042721069335937500e+03
-1.303837646484375000e+03
-8.972931518554687500e+02
-2.562456054687500000e+03
-1.565936035156250000e+03
-7.379650878906250000e+02
-8.128328125000000000e+03
-1.017734863281250000e+03
-9.031439208984375000e+02
-1.118143066406250000e+03
-4.568808593750000000e+03
-9.857059326171875000e+02
-8.139287719726562500e+02
-6.160967407226562500e+02
-1.169404174804687500e+03
-1.752429687500000000e+03
-4.680022460937500000e+03
-1.670750610351562500e+03
-8.498728637695312500e+02
-7.149002075195312500e+02
-1.302058837890625000e+03
-9.340116210937500000e+03
-1.508042968750000000e+03
-3.873723632812500000e+03
-7.655776855468750000e+03
-1.724230102539062500e+03
-3.345045410156250000e+03
-1.714314086914062500e+03
-1.723571484375000000e+04
-2.612928222656250000e+03
-9.206328735351562500e+02
-1.299984619140625000e+03
-7.924534301757812500e+02
-1.349788696289062500e+03
-1.219790527343750000e+03
