-7.414441528320312500e+02
-7.626478271484375000e+02
-4.917697753906250000e+02
-4.600057067871093750e+02
-3.686094665527343750e+02
-3.046563720703125000e+02
-4.146279296875000000e+02
-2.299153137207031250e+02
-2.164578247070312500e+02
-1.563094787597656250e+02
-1.640464630126953125e+02
-1.275575485229492188e+02
-1.247260818481445312e+02
-1.041355667114257812e+02
-7.841418457031250000e+01
-7.887831878662109375e+01
-6.307896041870117188e+01
-4.903084945678710938e+01
-5.339232254028320312e+01
-4.736248016357421875e+01
-4.004661560058593750e+01
-4.458962249755859375e+01
-5.116931533813476562e+01
-3.568226242065429688e+01
-4.053651428222656250e+01
-4.769887161254882812e+01
-4.309207534790039062e+01
-4.603548431396484375e+01
-3.987580871582031250e+01
-3.848649978637695312e+01
-3.767425155639648438e+01
-2.996716880798339844e+01
-3.559749603271484375e+01
-2.791391563415527344e+01
-3.329412460327148438e+01
-2.275325393676757812e+01
-2.873743247985839844e+01
-2.292243003845214844e+01
-2.127312469482421875e+01
-1.535328483581542969e+01
-2.009307098388671875e+01
-1.721887779235839844e+01
-2.082728195190429688e+01
-2.277544593811035156e+01
-1.846782684326171875e+01
-1.708522987365722656e+01
-1.328257656097412109e+01
-1.554778099060058594e+01
-1.079497909545898438e+01
-1.032815933227539062e+01
-1.653703117370605469e+01
-1.181852149963378906e+01
-1.175941276550292969e+01
-1.064521694183349609e+01
-1.876842498779296875e+01
-1.323083114624023438e+01
-1.035764694213867188e+01
-9.046945571899414062e+00
-8.860888481140136719e+00
-6.655652999877929688e+00
-6.167866706848144531e+00
-6.632354736328125000e+00
-1.314963150024414062e+01
-7.917521953582763672e+00
-7.186486721038818359e+00
-7.168513298034667969e+00
-8.670826911926269531e+00
-8.574248313903808594e+00
-9.847508430480957031e+00
-7.912525653839111328e+00
-5.763203620910644531e+00
-7.596815586090087891e+00
-3.981803178787231445e+00
-4.789609909057617188e+00
-4.983676433563232422e+00
-5.785387992858886719e+00
-3.411304950714111328e+00
-4.239099502563476562e+00
-6.701622962951660156e+00
-3.514876365661621094e+00
-3.340981483459472656e+00
-3.299025535583496094e+00
-2.946402072906494141e+00
-5.830412387847900391e+00
-3.625504255294799805e+00
-4.001995563507080078e+00
-1.642524361610412598e+00
-1.702451229095458984e+00
-1.228646755218505859e+00
2.599143087863922119e-01
2.648812294006347656e+00
-1.579386115074157715e+00
-6.213690638542175293e-01
-1.458440423011779785e+00
4.303169250488281250e-02
1.651267409324645996e+00
4.996879696846008301e-01
5.910397768020629883e-01
2.486111879348754883e+00
2.429445743560791016e+00
1.406257033348083496e+00
-3.665958344936370850e-01
1.229356884956359863e+00
3.160320043563842773e+00
2.621437072753906250e+00
2.802746295928955078e+00
3.267855167388916016e+00
-8.182457089424133301e-01
1.273446679115295410e+00
2.893387794494628906e+00
3.543407917022705078e+00
3.076889991760253906e+00
3.406743764877319336e+00
2.975274562835693359e+00
4.423617362976074219e+00
3.333691120147705078e+00
4.777141094207763672e+00
8.135022163391113281e+00
5.244657039642333984e+00
3.099965095520019531e+00
4.577618598937988281e+00
4.206848621368408203e+00
4.184701919555664062e+00
6.372376918792724609e+00
5.810558319091796875e+00
3.995454311370849609e+00
4.777727127075195312e+00
4.201283454895019531e+00
4.947824001312255859e+00
5.687200546264648438e+00
4.697247982025146484e+00
6.695981502532958984e+00
5.322396278381347656e+00
3.525850772857666016e+00
4.061587810516357422e+00
3.632441997528076172e+00
4.664321422576904297e+00
5.762152194976806641e+00
2.394761562347412109e+00
4.526679039001464844e+00
1.547670602798461914e+00
3.785141229629516602e+00
4.451483249664306641e+00
3.894108533859252930e+00
1.043233394622802734e+00
3.527096509933471680e+00
4.405046463012695312e+00
5.598731517791748047e+00
2.283860206604003906e+00
2.636666297912597656e+00
4.169031143188476562e+00
1.219337582588195801e+00
3.428645610809326172e+00
3.069209098815917969e+00
1.692933589220046997e-01
2.490481376647949219e+00
1.577013969421386719e+00
3.170752048492431641e+00
-1.551969885826110840e+00
1.012396812438964844e+00
1.694150805473327637e+00
3.105338096618652344e+00
4.437859535217285156e+00
1.402054429054260254e+00
3.199027776718139648e+00
2.592877149581909180e+00
3.193073987960815430e+00
1.487236738204956055e+00
2.729581356048583984e+00
2.155236005783081055e+00
1.098825216293334961e+00
1.828798532485961914e+00
2.633256196975708008e+00
1.029880404472351074e+00
2.259355545043945312e+00
3.077880144119262695e+00
1.466113090515136719e+00
-2.642954111099243164e+00
1.037737846374511719e+00
8.371202945709228516e-01
1.836338520050048828e+00
1.656723022460937500e+00
5.175183296203613281e+00
1.966658949851989746e+00
2.975528001785278320e+00
3.913097143173217773e+00
3.052173376083374023e+00
4.243455410003662109e+00
2.714603185653686523e+00
4.122369766235351562e+00
2.621088981628417969e+00
3.490375041961669922e+00
4.167816638946533203e+00
5.254375457763671875e+00
4.227324008941650391e+00
1.967613577842712402e+00
3.133308410644531250e+00
8.959655649960041046e-03
7.605466246604919434e-01
4.878999233245849609e+00
3.448038995265960693e-01
-1.517422199249267578e+00
8.480545133352279663e-02
3.052262365818023682e-01
3.137120246887207031e+00
-2.743594646453857422e-01
1.205961346626281738e+00
5.470034480094909668e-01
3.254443883895874023e+00
2.723251342773437500e+00
2.842069268226623535e-01
2.387660741806030273e+00
1.815386295318603516e+00
2.494744062423706055e+00
-1.452107429504394531e+00
-8.270146250724792480e-01
-5.377075076103210449e-01
-1.599799633026123047e+00
-1.900585055351257324e+00
9.932246208190917969e-01
-3.176632821559906006e-01
1.522840142250061035e+00
-1.099766492843627930e+00
3.222479343414306641e+00
1.473380625247955322e-01
2.151728630065917969e+00
2.668213129043579102e+00
2.040003299713134766e+00
2.681849300861358643e-01
3.946091890335083008e+00
3.400512456893920898e+00
4.512845516204833984e+00
2.587050199508666992e+00
4.228960037231445312e+00
2.068544864654541016e+00
2.682235956192016602e+00
4.370568752288818359e+00
1.755110740661621094e+00
2.954127788543701172e+00
8.200462460517883301e-01
3.651874780654907227e+00
3.644522190093994141e+00
2.997695922851562500e+00
2.762941360473632812e+00
4.401597678661346436e-01
-1.915040984749794006e-02
-1.788774132728576660e+00
2.297602653503417969e+00
6.894325464963912964e-02
1.867332577705383301e+00
-3.013596534729003906e+00
8.385293483734130859e-01
-5.517825484275817871e-01
-3.984820604324340820e+00
1.118227958679199219e+00
3.701429069042205811e-01
-1.501124203205108643e-01
2.833185434341430664e+00
1.266343116760253906e+00
-3.636933267116546631e-01
3.134271621704101562e+00
3.109782218933105469e+00
2.868861913681030273e+00
1.861447453498840332e+00
2.521713018417358398e+00
3.926333904266357422e+00
3.512938261032104492e+00
5.365359306335449219e+00
2.922171115875244141e+00
1.439477562904357910e+00
4.390491008758544922e+00
3.101795911788940430e+00
2.147831439971923828e+00
3.963045120239257812e+00
2.730289220809936523e+00
1.354786396026611328e+00
3.941159248352050781e+00
3.207304477691650391e+00
9.939234256744384766e-01
4.292957305908203125e+00
6.965681076049804688e+00
3.766717433929443359e+00
2.688445091247558594e+00
4.523977279663085938e+00
4.969959259033203125e+00
3.607293128967285156e+00
3.848599910736083984e+00
3.891123294830322266e+00
6.476862907409667969e+00
6.966289520263671875e+00
6.789083957672119141e+00
4.888848304748535156e+00
5.415499210357666016e+00
4.413299083709716797e+00
8.864435195922851562e+00
7.681463241577148438e+00
7.668118953704833984e+00
8.848880767822265625e+00
7.500700473785400391e+00
8.233367919921875000e+00
