-9.501882812500000000e+04
-9.513582031250000000e+04
-9.693102343750000000e+04
-9.840318750000000000e+04
-9.775835937500000000e+04
-9.822435937500000000e+04
-9.900747656250000000e+04
-9.971484375000000000e+04
-9.953534375000000000e+04
-1.009277812500000000e+05
-1.017739921875000000e+05
-1.022368437500000000e+05
-1.010671093750000000e+05
-1.036009218750000000e+05
-1.049392500000000000e+05
-1.041957031250000000e+05
-1.046578125000000000e+05
-1.044041875000000000e+05
-1.033620468750000000e+05
-1.031148828125000000e+05
-1.052949609375000000e+05
-1.047480312500000000e+05
-1.036981328125000000e+05
-1.049623515625000000e+05
-1.037081015625000000e+05
-1.055314296875000000e+05
-1.052273203125000000e+05
-1.042472578125000000e+05
-1.054432578125000000e+05
-1.072359609375000000e+05
-1.066086171875000000e+05
-1.042794921875000000e+05
-1.062003281250000000e+05
-1.070145625000000000e+05
-1.067293515625000000e+05
-1.060788437500000000e+05
-1.064430000000000000e+05
-1.077418203125000000e+05
-1.058988437500000000e+05
-1.074371484375000000e+05
-1.084830625000000000e+05
-1.047216406250000000e+05
-1.070763906250000000e+05
-1.069147265625000000e+05
-1.071647421875000000e+05
-1.080090781250000000e+05
-1.080617812500000000e+05
-1.070698906250000000e+05
-1.065525234375000000e+05
-1.077196015625000000e+05
-1.082427812500000000e+05
-1.093694609375000000e+05
-1.110695703125000000e+05
-1.102637421875000000e+05
-1.128386796875000000e+05
-1.113210390625000000e+05
-1.089058906250000000e+05
-1.121088593750000000e+05
-1.108485000000000000e+05
-1.105446875000000000e+05
-1.117681093750000000e+05
-1.108202187500000000e+05
-1.119947968750000000e+05
-1.113723515625000000e+05
-1.113840000000000000e+05
-1.117018984375000000e+05
-1.107313437500000000e+05
-1.108004218750000000e+05
-1.110615390625000000e+05
-1.140038671875000000e+05
-1.119124375000000000e+05
-1.122797968750000000e+05
-1.141251875000000000e+05
-1.152748281250000000e+05
-1.143419609375000000e+05
-1.149302265625000000e+05
-1.130575468750000000e+05
-1.130239765625000000e+05
-1.143354296875000000e+05
-1.142880390625000000e+05
-1.148914218750000000e+05
-1.148105312500000000e+05
-1.162245468750000000e+05
-1.142626093750000000e+05
-1.163288906250000000e+05
-1.127400234375000000e+05
-1.156437109375000000e+05
-1.148784531250000000e+05
-1.162207031250000000e+05
-1.177564531250000000e+05
-1.157942187500000000e+05
-1.155465781250000000e+05
-1.187485625000000000e+05
-1.190097890625000000e+05
-1.152116015625000000e+05
-1.177856171875000000e+05
-1.159519375000000000e+05
-1.165883906250000000e+05
-1.182013125000000000e+05
-1.189973984375000000e+05
-1.173463906250000000e+05
-1.197751015625000000e+05
-1.190795468750000000e+05
-1.200410468750000000e+05
-1.218665000000000000e+05
-1.188069687500000000e+05
-1.206374375000000000e+05
-1.197559531250000000e+05
-1.209967968750000000e+05
-1.212957265625000000e+05
-1.212443828125000000e+05
-1.195400781250000000e+05
-1.230475078125000000e+05
-1.226444531250000000e+05
-1.213262031250000000e+05
-1.218737578125000000e+05
-1.195026015625000000e+05
-1.209813828125000000e+05
-1.197795000000000000e+05
-1.246849531250000000e+05
-1.196471718750000000e+05
-1.220450312500000000e+05
-1.247164609375000000e+05
-1.208402578125000000e+05
-1.213363984375000000e+05
-1.203162031250000000e+05
-1.219784296875000000e+05
-1.193853437500000000e+05
-1.213396171875000000e+05
-1.223348281250000000e+05
-1.216923593750000000e+05
-1.201857500000000000e+05
-1.199164062500000000e+05
-1.231689062500000000e+05
-1.205890234375000000e+05
-1.212444609375000000e+05
-1.193242812500000000e+05
-1.207190000000000000e+05
-1.200213437500000000e+05
-1.212669921875000000e+05
-1.212643593750000000e+05
-1.203712734375000000e+05
-1.218827734375000000e+05
-1.194739765625000000e+05
-1.207601796875000000e+05
-1.226016328125000000e+05
-1.215735234375000000e+05
-1.198802890625000000e+05
-1.199369218750000000e+05
-1.207283593750000000e+05
-1.215299765625000000e+05
-1.206135625000000000e+05
-1.202775390625000000e+05
-1.202929765625000000e+05
-1.220126484375000000e+05
-1.208809375000000000e+05
-1.238457187500000000e+05
-1.225893593750000000e+05
-1.224512812500000000e+05
-1.242899062500000000e+05
-1.222154296875000000e+05
-1.230375312500000000e+05
-1.218469765625000000e+05
-1.223653203125000000e+05
-1.228509296875000000e+05
-1.236928203125000000e+05
-1.221471406250000000e+05
-1.241974218750000000e+05
-1.218198281250000000e+05
-1.234122109375000000e+05
-1.239503203125000000e+05
-1.231226406250000000e+05
-1.229235625000000000e+05
-1.232003671875000000e+05
-1.240841796875000000e+05
-1.244039062500000000e+05
-1.236392031250000000e+05
-1.229919609375000000e+05
-1.233483437500000000e+05
-1.235587578125000000e+05
-1.235762109375000000e+05
-1.224168984375000000e+05
-1.232786093750000000e+05
-1.224250390625000000e+05
-1.251269218750000000e+05
-1.244812421875000000e+05
-1.231245000000000000e+05
-1.272869296875000000e+05
-1.263780703125000000e+05
-1.231638984375000000e+05
-1.250247968750000000e+05
-1.255318437500000000e+05
-1.250404921875000000e+05
-1.245648125000000000e+05
-1.254218125000000000e+05
-1.225718203125000000e+05
-1.228946875000000000e+05
-1.250070234375000000e+05
-1.245597812500000000e+05
-1.230537187500000000e+05
-1.240360234375000000e+05
-1.235699765625000000e+05
-1.230042578125000000e+05
-1.240682968750000000e+05
-1.218269218750000000e+05
-1.240008437500000000e+05
-1.247789375000000000e+05
-1.240253906250000000e+05
-1.237192031250000000e+05
-1.255499062500000000e+05
-1.246301484375000000e+05
-1.239684765625000000e+05
-1.261186093750000000e+05
-1.265733125000000000e+05
-1.234131093750000000e+05
-1.248570468750000000e+05
-1.236804921875000000e+05
-1.250811015625000000e+05
-1.244450625000000000e+05
-1.254374375000000000e+05
-1.250745390625000000e+05
-1.225217500000000000e+05
-1.233874765625000000e+05
-1.239000078125000000e+05
-1.255520312500000000e+05
-1.243117031250000000e+05
-1.226942890625000000e+05
-1.246087890625000000e+05
-1.227240312500000000e+05
-1.244363671875000000e+05
-1.233452265625000000e+05
-1.223147890625000000e+05
-1.224401093750000000e+05
-1.226097968750000000e+05
-1.257885234375000000e+05
-1.242993984375000000e+05
-1.241051406250000000e+05
-1.249079609375000000e+05
-1.245696718750000000e+05
-1.224155468750000000e+05
-1.240561328125000000e+05
-1.274071171875000000e+05
-1.252050078125000000e+05
-1.234154218750000000e+05
-1.236141171875000000e+05
-1.270796562500000000e+05
-1.263407968750000000e+05
-1.272103515625000000e+05
-1.252423515625000000e+05
-1.265529687500000000e+05
-1.269270000000000000e+05
-1.263248125000000000e+05
-1.271285703125000000e+05
-1.256582265625000000e+05
-1.251277265625000000e+05
-1.261654765625000000e+05
-1.251907031250000000e+05
-1.268772500000000000e+05
-1.279211796875000000e+05
-1.301961171875000000e+05
-1.295007734375000000e+05
-1.298967812500000000e+05
-1.297206718750000000e+05
-1.313072031250000000e+05
-1.324339843750000000e+05
-1.299064609375000000e+05
-1.313706093750000000e+05
-1.329798125000000000e+05
-1.310062031250000000e+05
-1.345048281250000000e+05
-1.328608437500000000e+05
-1.309017031250000000e+05
-1.319647031250000000e+05
-1.340788593750000000e+05
-1.359195937500000000e+05
-1.339642187500000000e+05
-1.329956250000000000e+05
-1.337840625000000000e+05
-1.334821875000000000e+05
-1.320024375000000000e+05
-1.359303750000000000e+05
-1.355564062500000000e+05
-1.361202656250000000e+05
-1.362052968750000000e+05
-1.353156875000000000e+05
-1.337139218750000000e+05
-1.355890625000000000e+05
-1.365966250000000000e+05
-1.343684218750000000e+05
-1.353028750000000000e+05
-1.359864062500000000e+05
-1.341300625000000000e+05
-1.367416875000000000e+05
-1.340267812500000000e+05
-1.370479062500000000e+05
-1.344010000000000000e+05
-1.352807343750000000e+05
-1.356106875000000000e+05
-1.339963750000000000e+05
-1.332135937500000000e+05
