-7.263685607910156250e+01
-5.988747024536132812e+01
-4.692042160034179688e+01
-4.879077529907226562e+01
-4.605212402343750000e+01
-4.309080886840820312e+01
-4.585724639892578125e+01
-4.081780242919921875e+01
-3.903876113891601562e+01
-3.379816436767578125e+01
-3.049184036254882812e+01
-3.404875183105468750e+01
-2.881293869018554688e+01
-2.211005401611328125e+01
-2.260959053039550781e+01
-2.057472229003906250e+01
-1.632969284057617188e+01
-1.988481140136718750e+01
-1.740020179748535156e+01
-1.580484485626220703e+01
-1.649714469909667969e+01
-1.251002883911132812e+01
-1.371436500549316406e+01
-1.485249710083007812e+01
-1.394495105743408203e+01
-9.467471122741699219e+00
-1.241786956787109375e+01
-6.943042755126953125e+00
-3.781543016433715820e+00
-6.140853404998779297e+00
-5.579577445983886719e+00
-6.373820781707763672e+00
-3.089799165725708008e+00
-5.284337997436523438e+00
-4.982594490051269531e+00
-6.584126472473144531e+00
-4.947987079620361328e+00
-2.041857719421386719e+00
-2.176851272583007812e+00
-1.215726137161254883e+00
-2.285345792770385742e-01
-2.054813317954540253e-02
-9.684408307075500488e-01
3.536114990711212158e-01
1.758635520935058594e+00
2.348745346069335938e+00
5.392341017723083496e-01
2.467369079589843750e+00
1.967426419258117676e+00
2.223517656326293945e+00
2.836716890335083008e+00
1.631733536720275879e+00
1.367902994155883789e+00
-3.182081282138824463e-01
5.568212866783142090e-01
1.394222736358642578e+00
-9.522762298583984375e-01
3.036729097366333008e-01
-1.304970979690551758e+00
-1.949953436851501465e+00
-1.225733757019042969e+00
-2.333878755569458008e+00
-4.083230972290039062e+00
-3.393867254257202148e+00
-3.490259408950805664e+00
-2.812404870986938477e+00
-4.656772613525390625e+00
-3.554745435714721680e+00
-2.035661458969116211e+00
-4.785959243774414062e+00
-3.762125492095947266e+00
-2.960402488708496094e+00
-3.573620557785034180e+00
-3.804673194885253906e+00
-3.721102952957153320e+00
-3.685117483139038086e+00
-4.282601833343505859e+00
-3.937870264053344727e+00
-3.761603116989135742e+00
-4.322035312652587891e+00
-4.661638736724853516e+00
-4.920759677886962891e+00
-4.978119373321533203e+00
-5.672044277191162109e+00
-4.021776199340820312e+00
-4.483939647674560547e+00
-4.328471183776855469e+00
-5.933503627777099609e+00
-5.212637901306152344e+00
-6.618175506591796875e+00
-5.260717868804931641e+00
-6.251702785491943359e+00
-5.935683727264404297e+00
-6.269967079162597656e+00
-7.453956127166748047e+00
-6.963474750518798828e+00
-7.378603458404541016e+00
-8.160442352294921875e+00
-6.914753913879394531e+00
-8.658230781555175781e+00
-7.611423492431640625e+00
-7.770292758941650391e+00
-9.332427024841308594e+00
-8.016812324523925781e+00
-9.264723777770996094e+00
-8.274038314819335938e+00
-8.377147674560546875e+00
-8.493644714355468750e+00
-8.372426033020019531e+00
-9.744195938110351562e+00
-9.435157775878906250e+00
-9.174926757812500000e+00
-9.554409027099609375e+00
-9.505239486694335938e+00
-9.551371574401855469e+00
-1.042337512969970703e+01
-9.223545074462890625e+00
-9.350612640380859375e+00
-9.992271423339843750e+00
-9.645560264587402344e+00
-9.709393501281738281e+00
-9.743853569030761719e+00
-9.822199821472167969e+00
-9.853840827941894531e+00
-1.015941619873046875e+01
-1.016391849517822266e+01
-1.074361038208007812e+01
-9.629519462585449219e+00
-1.073182964324951172e+01
-1.054959678649902344e+01
-1.079296398162841797e+01
-1.034841346740722656e+01
-9.550409317016601562e+00
-1.157420253753662109e+01
-1.067135906219482422e+01
-1.125507831573486328e+01
-1.038416385650634766e+01
-1.125487518310546875e+01
-9.587455749511718750e+00
-1.156293010711669922e+01
-1.067409133911132812e+01
-1.169312381744384766e+01
-1.221135711669921875e+01
-1.159303951263427734e+01
-1.132529640197753906e+01
-1.186805438995361328e+01
-1.110834217071533203e+01
-1.117869186401367188e+01
-1.274639034271240234e+01
-1.161547565460205078e+01
-1.138132286071777344e+01
-1.115344619750976562e+01
-1.185821056365966797e+01
-1.143981361389160156e+01
-1.004069137573242188e+01
-1.087901592254638672e+01
-1.154333209991455078e+01
-1.144229602813720703e+01
-1.116619110107421875e+01
-1.095590686798095703e+01
-1.129595661163330078e+01
-1.094722557067871094e+01
-1.248848628997802734e+01
-1.148068809509277344e+01
-1.127667236328125000e+01
-1.102214336395263672e+01
-1.056386470794677734e+01
-1.131093406677246094e+01
-1.100303554534912109e+01
-1.057744121551513672e+01
-1.100971031188964844e+01
-1.041473674774169922e+01
-1.184409427642822266e+01
-1.170629787445068359e+01
-1.128127574920654297e+01
-1.298916530609130859e+01
-1.171666622161865234e+01
-1.285404396057128906e+01
-1.094380474090576172e+01
-1.116601467132568359e+01
-1.179417514801025391e+01
-1.109330844879150391e+01
-1.068304347991943359e+01
-1.079663085937500000e+01
-1.131345367431640625e+01
-1.028675937652587891e+01
-1.082476329803466797e+01
-1.110993194580078125e+01
-1.162277984619140625e+01
-1.067194175720214844e+01
-1.094745445251464844e+01
-1.047913074493408203e+01
-1.085430908203125000e+01
-9.908443450927734375e+00
-9.505185127258300781e+00
-1.039513874053955078e+01
-8.970901489257812500e+00
-1.006066894531250000e+01
-9.433028221130371094e+00
-9.869395256042480469e+00
-9.515282630920410156e+00
-9.189055442810058594e+00
-9.713266372680664062e+00
-9.838394165039062500e+00
-1.010199165344238281e+01
-1.069701004028320312e+01
-9.985217094421386719e+00
-1.037932872772216797e+01
-1.088931655883789062e+01
-1.011264610290527344e+01
-1.019052219390869141e+01
-1.014735317230224609e+01
-1.105742454528808594e+01
-1.072466087341308594e+01
-1.018998432159423828e+01
-1.112726593017578125e+01
-1.088176345825195312e+01
-1.241329574584960938e+01
-1.222210407257080078e+01
-1.200227069854736328e+01
-1.064629840850830078e+01
-1.153531169891357422e+01
-1.042382907867431641e+01
-1.155342864990234375e+01
-1.198478603363037109e+01
-1.167769622802734375e+01
-1.174363803863525391e+01
-1.137789535522460938e+01
-1.037324619293212891e+01
-1.184343242645263672e+01
-1.152217388153076172e+01
-1.165879917144775391e+01
-1.123398780822753906e+01
-1.064250564575195312e+01
-1.123358440399169922e+01
-1.140318012237548828e+01
-1.171602439880371094e+01
-1.075754165649414062e+01
-1.186202049255371094e+01
-1.074844646453857422e+01
-1.050797939300537109e+01
-1.006165313720703125e+01
-1.148502731323242188e+01
-1.180698108673095703e+01
-1.066162681579589844e+01
-1.046292591094970703e+01
-1.263184833526611328e+01
-1.179968738555908203e+01
-1.177661132812500000e+01
-1.147856330871582031e+01
-1.097629261016845703e+01
-1.174017333984375000e+01
-1.198188209533691406e+01
-1.176730632781982422e+01
-1.134710407257080078e+01
-1.181454181671142578e+01
-1.166399002075195312e+01
-1.160865020751953125e+01
-1.155242061614990234e+01
-1.352702236175537109e+01
-1.283398914337158203e+01
-1.274593544006347656e+01
-1.244700241088867188e+01
-1.184060573577880859e+01
-1.116657447814941406e+01
-1.237098884582519531e+01
-1.157186603546142578e+01
-1.115014553070068359e+01
-1.132654285430908203e+01
-1.146641731262207031e+01
-1.083183574676513672e+01
-1.105341148376464844e+01
-1.095397663116455078e+01
-1.087104129791259766e+01
-9.847730636596679688e+00
-1.103186511993408203e+01
-8.879169464111328125e+00
-9.572436332702636719e+00
-9.617630958557128906e+00
-9.516292572021484375e+00
-8.798328399658203125e+00
-9.777544975280761719e+00
-9.082030296325683594e+00
-9.546184539794921875e+00
-9.934004783630371094e+00
-9.501895904541015625e+00
-9.462822914123535156e+00
-9.571475982666015625e+00
-1.018754291534423828e+01
-9.614727020263671875e+00
-8.502037048339843750e+00
-9.394704818725585938e+00
-1.064348602294921875e+01
-1.093829631805419922e+01
-1.069878864288330078e+01
-1.119375896453857422e+01
-1.076107215881347656e+01
-1.017173004150390625e+01
-9.658548355102539062e+00
-1.004156112670898438e+01
