-5.436587500000000000e+05
-8.763407031250000000e+04
-9.063875781250000000e+04
-7.254765625000000000e+04
-2.312792656250000000e+05
-5.716723046875000000e+04
-1.378887400000000000e+07
-8.031495312500000000e+04
-1.487128906250000000e+05
-1.906028437500000000e+05
-4.374371484375000000e+04
-1.464586875000000000e+06
-3.220714250000000000e+06
-3.783866000000000000e+06
-1.260763203125000000e+05
-2.973231445312500000e+04
-2.664719687500000000e+05
-3.443033984375000000e+04
-6.158076562500000000e+04
-4.864696875000000000e+05
-4.866040625000000000e+04
-1.017802968750000000e+05
-8.879714062500000000e+04
-3.587411250000000000e+05
-6.949253750000000000e+05
-1.162455273437500000e+04
-4.101680078125000000e+04
-2.673288750000000000e+06
-9.494407500000000000e+05
-4.021288671875000000e+04
-5.799787000000000000e+06
-1.372094375000000000e+05
-6.121346093750000000e+04
-3.310921250000000000e+05
-1.641966796875000000e+04
-9.375575000000000000e+05
-9.109379882812500000e+03
-2.377727656250000000e+05
-4.909742675781250000e+03
-5.893483593750000000e+04
-6.565557617187500000e+03
-2.367737304687500000e+03
-1.537802343750000000e+04
-3.536303466796875000e+03
-4.538358886718750000e+03
-1.682981054687500000e+04
-2.932037841796875000e+03
-3.116372558593750000e+03
-3.043683105468750000e+03
-3.546689453125000000e+03
-2.979478027343750000e+03
-4.607742187500000000e+03
-6.481149902343750000e+03
-3.728244628906250000e+03
-2.862231201171875000e+03
-2.773743554687500000e+04
-3.861065917968750000e+03
-1.027029296875000000e+04
-5.536612304687500000e+03
-1.260518554687500000e+03
-4.194160156250000000e+03
-2.679467285156250000e+03
-2.320753662109375000e+03
-5.593518066406250000e+03
-3.350405517578125000e+03
-3.244334960937500000e+03
-2.591173339843750000e+03
-4.701868652343750000e+03
-2.945542724609375000e+03
-3.578418701171875000e+03
-1.928890625000000000e+04
-2.212647949218750000e+03
-3.708773193359375000e+03
-2.299443847656250000e+03
-6.129188964843750000e+03
-3.191040039062500000e+03
-1.464483276367187500e+03
-3.068910644531250000e+03
-6.418520019531250000e+03
-3.446457519531250000e+03
-3.989030029296875000e+03
-3.476198242187500000e+03
-5.366608886718750000e+03
-2.130267089843750000e+03
-1.519090576171875000e+03
-2.232727294921875000e+03
-1.449879516601562500e+03
-1.902320434570312500e+03
-1.906533081054687500e+03
-2.363081054687500000e+03
-1.537227661132812500e+03
-1.213285034179687500e+03
-1.893314941406250000e+03
-2.611202392578125000e+03
-2.811010009765625000e+03
-7.619567187500000000e+04
-2.952323242187500000e+03
-1.195951855468750000e+04
-1.648979980468750000e+03
-6.670453613281250000e+03
-1.309025390625000000e+03
-2.401805419921875000e+03
-4.338892578125000000e+03
-1.222823144531250000e+04
-1.189713867187500000e+03
-3.381238037109375000e+03
-3.429232910156250000e+03
-2.789170898437500000e+03
-1.754178100585937500e+03
-2.746431152343750000e+03
-3.491072753906250000e+03
-1.963459375000000000e+04
-3.168473632812500000e+03
-3.182268798828125000e+03
-2.171353027343750000e+03
-1.616881591796875000e+03
-2.327679199218750000e+03
-1.851763085937500000e+04
-1.283072753906250000e+04
-8.560994140625000000e+03
-2.588983398437500000e+03
-2.363796142578125000e+03
-5.152355859375000000e+04
-4.475787597656250000e+03
-1.781815429687500000e+03
-7.221350585937500000e+03
-2.212909423828125000e+03
-6.435914550781250000e+03
-2.848225830078125000e+03
-7.621857421875000000e+03
-4.627712402343750000e+03
-1.104572167968750000e+04
-5.804228515625000000e+03
-1.796280883789062500e+03
-2.832832763671875000e+03
-2.960716796875000000e+04
-3.092863769531250000e+03
-2.705560058593750000e+03
-1.358145629882812500e+03
-2.469798828125000000e+03
-3.497544433593750000e+03
-3.639554443359375000e+03
-3.248050048828125000e+03
-4.778194335937500000e+03
-3.814429931640625000e+03
-4.322802734375000000e+03
-2.005858875000000000e+06
-5.822735839843750000e+03
-1.546450781250000000e+04
-1.219616992187500000e+04
-1.780343750000000000e+03
-4.078091552734375000e+03
-2.169483886718750000e+03
-1.724894921875000000e+04
-2.934541503906250000e+03
-1.500975952148437500e+03
-4.397881835937500000e+03
-4.166962500000000000e+05
-1.720084106445312500e+03
-3.529569580078125000e+03
-1.143976660156250000e+04
-6.591535156250000000e+03
-2.883166992187500000e+03
-4.564681640625000000e+03
-6.429591796875000000e+03
-1.292007934570312500e+03
-1.928805297851562500e+03
-3.007087402343750000e+03
-1.291734008789062500e+03
-1.092176635742187500e+03
-1.059722290039062500e+03
-1.116428588867187500e+03
-1.183736718750000000e+04
-3.230635009765625000e+03
-3.198844726562500000e+03
-2.647787841796875000e+03
-1.385006225585937500e+03
-1.359716430664062500e+03
-3.766690673828125000e+03
-1.372998291015625000e+03
-2.122810546875000000e+03
-3.579096679687500000e+03
-8.617903320312500000e+03
-1.192975097656250000e+03
-1.291353000000000000e+06
-5.080078613281250000e+03
-1.372497802734375000e+03
-9.501578979492187500e+02
-2.873987500000000000e+04
-4.563511718750000000e+03
-1.321475585937500000e+03
-4.465125000000000000e+03
-1.503374633789062500e+03
-1.245831054687500000e+03
-1.643838378906250000e+03
-1.188895996093750000e+03
-1.990726928710937500e+03
-2.260261962890625000e+03
-1.028549072265625000e+03
-1.099340332031250000e+03
